5184	2	4	2.31823	64.3384	32.7028	4	11.2994	33.1959	4	11.832	63.9606	4	21.1097	31.836	4	30.3248	31.4136	4	41.2554	31.1849	4	43.0658	46.2985	4	53.1466	30.4906	4	64.4708	30.9686
5184	2	4	2.30786	65.1251	46.7741	4	11.3709	33.7422	4	11.7833	60.4611	4	21.3461	83.5003	4	30.4007	31.1772	4	41.7443	31.8113	4	42.6249	47.4831	4	54.3407	54.9315	4	65.2514	29.3653
5184	2	4	2.35762	66.5608	32.7805	4	11.2096	32.6302	4	11.6359	56.1231	4	20.9191	31.2237	4	30.4069	30.5311	4	41.1145	31.7007	4	42.6331	43.668	4	56.5585	30.5474	4	66.6974	31.0439
5184	2	4	2.35685	65.1927	32.4517	4	11.2698	33.0368	4	11.5966	59.2141	4	20.8894	31.7292	4	30.4964	30.9431	4	41.6447	31.5877	4	42.7397	44.8621	4	54.7077	30.5547	4	65.3247	30.7668
5184	2	4	2.33281	65.0705	32.7007	4	11.2605	33.3534	4	11.7093	62.0858	4	21.1078	32.9237	4	30.8514	31.3238	4	41.1861	31.5743	4	42.1866	48.9618	4	55.3475	30.5893	4	65.1969	31.044
5184
5184	2	4	2.3294	64.7244	32.5609	4	11.4098	33.1952	4	11.7881	56.3259	4	21.0789	31.4534	4	30.3859	30.6589	4	41.3894	31.9608	4	43.3046	46.6898	4	53.4084	30.6599	4	64.8504	30.8372
5184	2	4	2.34438	64.0985	60.7768	4	11.2378	32.4353	4	11.6471	57.166	4	20.961	31.9181	4	30.6684	31.1182	4	41.3551	31.3145	4	42.5559	43.4426	4	53.8462	30.7441	4	64.2258	59.0991
5184	2	4	2.34715	63.9169	32.4296	4	11.3087	33.2362	4	11.7225	52.6688	4	20.7956	32.4832	4	30.5278	31.5321	4	41.2851	31.7987	4	42.35	48.0051	4	53.0203	30.7768	4	64.0439	30.7686
5184	2	4	2.34676	66.2499	32.4157	4	11.3378	32.689	4	11.76	63.3459	4	21.3278	32.4897	4	31.2725	31.9772	4	41.7854	31.4806	4	42.7527	43.7457	4	55.5655	30.1874	4	66.3786	30.7463
5184	2	4	2.33932	65.5347	32.0845	4	11.2098	33.4968	4	11.5569	61.4778	4	21.3076	32.7401	4	30.7733	31.3791	4	41.3987	32.0847	4	42.0759	44.1705	4	55.267	30.6759	4	65.6623	30.3758
5184


1728	4	4	4.54446	8.71972	1.30851	4	4.9044	0.570876	4	4.86644	0.963597	4	5.3719	0.567947	4	5.71012	0.56934	4	6.01595	0.571063	4	5.99533	1.03357	4	6.38257	0.564421	4	6.72121	1.07176	4	7.05345	0.564567	4	7.05961	1.01726	4	7.38045	0.559603	4	7.72316	0.568403	4	8.0654	0.564882	4	8.04125	0.810951	4	8.42701	0.562658	4	8.74246	0.661797
1728	4	4	4.54124	8.56084	1.27748	4	4.88779	0.563261	4	4.92027	2.742	4	5.17671	0.568542	4	5.52905	0.568542	4	5.87188	0.573698	4	5.83939	1.23171	4	6.18293	0.568994	4	6.53209	0.574692	4	6.86278	0.569292	4	6.84029	0.773791	4	7.22683	0.562271	4	7.57424	0.568408	4	7.89225	0.57448	4	7.86072	1.48991	4	8.25142	1.31443	4	8.58692	0.670656
1728	4	4	4.61895	9.01875	1.29783	4	4.97753	0.566145	4	4.95535	0.932696	4	5.34189	0.571923	4	5.67794	0.580174	4	6.04458	0.574453	4	6.05894	0.979159	4	6.37671	0.561506	4	6.73099	1.23721	4	7.05166	0.567258	4	7.05043	1.0977	4	7.47923	0.567029	4	7.81276	0.571854	4	8.14038	0.568883	4	8.11998	0.838468	4	8.69609	0.572446	4	9.04017	0.637805
1728	4	4	4.51998	8.67028	1.34726	4	4.89917	0.578053	4	4.86662	0.765236	4	5.2794	0.570781	4	5.61643	0.571224	4	5.98727	0.563954	4	5.97588	0.943168	4	6.40699	0.56131	4	6.72009	1.04348	4	7.04629	0.565802	4	7.00548	1.28009	4	7.36395	0.566662	4	7.7109	0.563077	4	8.04087	0.571529	4	7.99862	1.10459	4	8.33625	0.568848	4	8.69942	0.68229
1728	4	4	4.60462	8.64931	1.25553	4	4.9313	0.56704	4	4.89862	2.35329	4	5.24116	0.563555	4	5.57419	0.573107	4	5.91388	0.572653	4	5.88508	2.09182	4	6.27364	0.562093	4	6.60974	0.567192	4	6.94735	0.571867	4	6.90796	1.04344	4	7.26361	0.567761	4	7.59903	0.568044	4	7.87146	1.04689	4	7.85955	1.01377	4	8.33826	0.563664	4	8.68779	0.638949
1728
1728	4	4	4.55943	8.51787	1.23947	4	4.88963	0.569625	4	4.86898	0.837577	4	5.213	0.576285	4	5.55924	0.565992	4	5.8905	0.566745	4	5.86341	1.89971	4	6.18758	0.566104	4	6.54643	0.577302	4	6.884	0.568818	4	6.85428	1.06185	4	7.21695	0.570704	4	7.56721	0.570702	4	7.89772	0.564151	4	7.8879	1.25218	4	8.21343	0.569844	4	8.53998	0.69879
1728	4	4	4.57957	8.83958	1.28592	4	4.9347	0.570609	4	4.90602	0.796929	4	5.39571	0.561822	4	5.73312	0.575041	4	6.09911	0.571262	4	6.07725	1.12659	4	6.41602	0.566127	4	6.78648	0.562783	4	7.11537	0.568319	4	7.08923	1.06747	4	7.42554	0.56783	4	7.77903	0.569889	4	8.08661	0.571356	4	8.04981	0.781299	4	8.55052	0.576407	4	8.86288	0.679706
1728	4	4	4.56425	8.89403	1.46253	4	4.93212	0.567764	4	4.89819	2.32445	4	5.30704	0.568251	4	5.64355	0.569061	4	6.00131	0.57041	4	5.97942	1.06523	4	6.34415	0.567722	4	6.70197	0.566048	4	7.02609	0.574616	4	6.99351	0.87355	4	7.50304	0.565614	4	7.82048	0.570185	4	8.16436	0.576022	4	8.12927	0.857951	4	8.59649	0.571741	4	8.91747	1.32236
1728	4	4	4.57732	8.74668	1.29806	4	4.93219	0.567496	4	4.90336	1.01209	4	5.34784	0.572314	4	5.68838	0.567065	4	6.02958	0.566309	4	6.00665	0.891121	4	6.36859	0.56811	4	6.70559	0.563026	4	7.06181	0.571447	4	7.03705	1.07146	4	7.41181	0.569218	4	7.74059	0.573512	4	8.09574	0.566161	4	8.08675	1.63099	4	8.43781	0.573809	4	8.76975	0.662743
1728	4	4	4.60059	8.989	1.42705	4	4.95016	0.573417	4	4.93212	1.02602	4	5.64618	0.572452	4	5.76045	0.566507	4	6.0778	0.572405	4	6.03961	1.12245	4	6.38989	0.567183	4	6.74123	0.565317	4	7.0912	0.564569	4	7.06143	0.916977	4	7.55997	0.567648	4	7.86827	0.566071	4	8.20595	0.569931	4	8.18157	2.71557	4	8.66044	0.566854	4	9.01053	0.674696
1728


960	3	4	3.41869	2.46717	0.382569	4	3.33074	0.160189	4	3.27331	0.246916	4	3.19393	0.161825	4	3.08438	0.165932	4	3.00041	0.173551	4	2.94417	0.237173	4	2.90867	0.165954	4	2.79386	0.168601	4	2.69126	0.179589	4	2.64357	0.221972	4	2.57351	0.15874	4	2.48366	0.195457
960	3	4	3.47198	2.43043	0.409097	4	3.35796	0.170545	4	3.29843	0.208817	4	3.22369	0.170799	4	3.1254	0.170056	4	3.0318	0.165794	4	2.97693	0.29824	4	2.8744	0.157942	4	2.77286	0.162482	4	2.67124	0.284282	4	2.62678	0.413278	4	2.55545	0.161215	4	2.45699	0.345333
960	3	4	3.41348	2.41877	0.38485	4	3.32858	0.168238	4	3.27864	0.28966	4	3.19481	0.173218	4	3.09285	0.167671	4	3.02499	0.158733	4	2.99855	0.202119	4	2.90634	0.161585	4	2.81062	0.160775	4	2.70437	0.171154	4	2.68344	0.407235	4	2.54406	0.162952	4	2.4379	0.194474
960	3	4	3.40876	2.50927	0.392638	4	3.31934	0.159926	4	3.27255	0.800354	4	3.18801	0.162934	4	3.096	0.16944	4	3.00117	0.16445	4	2.94311	0.209099	4	2.90681	0.164511	4	2.82097	0.161442	4	2.72	0.163799	4	2.66284	0.202773	4	2.60179	0.16145	4	2.51965	0.189374
960	3	4	3.39026	2.55594	0.373219	4	3.30772	0.166463	4	3.2764	0.213317	4	3.21154	0.161951	4	3.11458	0.162052	4	3.03806	0.160125	4	2.97431	0.218147	4	2.91674	0.167111	4	2.8417	0.305772	4	2.75678	0.168217	4	2.70173	0.230373	4	2.66437	0.161023	4	2.57432	0.189083
960
960	3	4	3.43161	2.43066	0.423807	4	3.34723	0.157174	4	3.39051	0.328082	4	3.21261	0.168694	4	3.09898	0.162024	4	2.99363	0.168074	4	2.9527	0.201076	4	2.8569	0.168099	4	2.77386	0.165053	4	2.66794	0.168897	4	2.60882	0.603748	4	2.54528	0.164623	4	2.44838	0.182279
960	3	4	3.44813	2.46877	0.391312	4	3.34222	0.292086	4	3.29488	0.246749	4	3.20106	0.15865	4	3.11973	0.159161	4	3.01513	0.161991	4	2.99612	0.274939	4	2.92005	0.166303	4	2.82377	0.16477	4	2.7327	0.167469	4	2.67903	0.201193	4	2.59604	0.161427	4	2.48821	0.204267
960	3	4	3.44485	2.49795	0.376378	4	3.36141	0.165405	4	3.30002	0.223172	4	3.27402	0.160245	4	3.17901	0.162802	4	3.07387	0.163349	4	3.00248	0.270553	4	2.9467	0.157616	4	2.84456	0.168765	4	2.75158	0.168818	4	2.69083	0.238395	4	2.60949	0.159644	4	2.51732	0.21159
960	3	4	3.45335	2.37175	0.400655	4	3.35614	0.167458	4	3.30367	0.775478	4	3.19983	0.161623	4	3.10331	0.167427	4	3.01169	0.165758	4	2.93975	0.211961	4	2.8988	0.157341	4	2.7894	0.166802	4	2.66264	0.164719	4	2.6978	0.243789	4	2.49412	0.157102	4	2.39106	0.198318
960	3	4	3.42856	2.54796	0.419535	4	3.37993	0.165107	4	3.33141	0.213349	4	3.28589	0.162853	4	3.17258	0.176805	4	3.07085	0.162164	4	3.0138	0.229634	4	2.98501	0.157611	4	2.89893	0.162418	4	2.80745	0.164855	4	2.74584	0.247761	4	2.67051	0.157815	4	2.56516	0.191688
960


960	2	1	0.453576	0.706414	1.05439	4	0.75219	0.788538	4	0.72726	0.906009
960	2	1	0.44571	0.704115	1.05696	4	0.767205	0.778431	4	0.729522	0.842564
960	2	1	0.466634	0.696796	1.05495	4	0.760516	0.773114	4	0.715818	0.802747
960	2	1	0.437952	0.698463	1.18747	4	0.752489	0.77633	4	0.718474	1.11633
960	2	1	0.423222	0.667863	1.08707	4	0.729653	0.784513	4	0.68704	0.779671
960
960	2	1	0.472337	0.806606	1.05806	4	0.831343	0.783374	4	0.862404	0.949769
960	2	1	0.446048	0.726025	1.05079	4	0.785114	0.779613	4	0.766505	0.772546
960	2	1	0.4472	0.682437	1.86888	4	0.743922	0.77449	4	0.708867	1.79163
960	2	1	0.453306	0.688748	1.06355	4	0.738575	0.78745	4	0.716523	0.780038
960	2	1	0.434202	0.714363	1.03602	4	0.773901	0.779253	4	0.75476	0.793519
960


1440	4	4	4.59139	6.12462	0.963093	4	4.7436	0.344636	4	4.69395	0.920754	4	4.82852	0.341647	4	4.96709	0.344995	4	5.10533	0.342724	4	5.06285	0.699142	4	5.18816	0.342656	4	5.33755	0.346224	4	5.49162	0.348437	4	5.44147	0.561249	4	5.59752	0.341094	4	5.73278	0.340019	4	5.84773	0.35072	4	5.80729	0.584732	4	6.03216	0.348032	4	6.14518	0.396548
1440	4	4	4.55625	6.16118	0.990419	4	4.71418	0.344512	4	4.70469	0.56972	4	4.80323	0.344703	4	4.93594	0.341356	4	5.06665	0.341154	4	5.0286	0.479716	4	5.29525	0.342436	4	5.42494	0.340235	4	5.54045	0.382233	4	5.49659	0.652369	4	5.6391	0.345188	4	5.76055	0.628958	4	5.88912	0.348614	4	5.85432	0.826439	4	6.03775	0.337922	4	6.18108	0.413195
1440	4	4	4.57388	6.16465	0.993765	4	4.70143	0.345011	4	4.67163	0.538807	4	4.92698	0.337793	4	5.06191	0.357824	4	5.18177	0.348942	4	5.18261	0.664505	4	5.23587	0.341577	4	5.37654	0.340608	4	5.50178	0.34269	4	5.45944	0.588086	4	5.56106	0.342476	4	5.72144	0.345279	4	5.85841	0.343867	4	5.90064	0.520508	4	6.05258	0.651828	4	6.18596	0.397433
1440	4	4	4.5447	6.25488	0.959611	4	4.68977	0.351729	4	4.65524	0.538445	4	4.91384	0.343468	4	5.05957	0.341076	4	5.18017	0.342855	4	5.14336	0.559586	4	5.36081	0.341234	4	5.48506	0.340813	4	5.61109	0.343899	4	5.5746	0.623773	4	5.7074	0.343407	4	5.85438	0.346356	4	5.97571	0.344734	4	5.97732	0.495268	4	6.14574	0.352357	4	6.27666	0.405363
1440	4	4	4.52777	6.32473	0.983443	4	4.66923	0.347972	4	4.62096	0.49166	4	4.89156	0.335376	4	5.024	0.348586	4	5.16449	0.34512	4	5.1332	0.603075	4	5.3531	0.352934	4	5.46744	0.341168	4	5.61889	0.342813	4	5.58328	0.489481	4	5.74757	0.342068	4	5.8769	0.341126	4	6.01416	0.348228	4	5.98031	0.498549	4	6.23148	0.386435	4	6.34402	0.403521
1440
1440	4	4	4.56555	6.19462	1.01844	4	4.70027	0.351093	4	4.66861	0.55506	4	4.87814	0.338216	4	4.97809	0.345309	4	5.10552	0.340005	4	5.07067	0.848772	4	5.2209	0.34146	4	5.36353	0.343084	4	5.52556	0.347884	4	5.47696	0.498945	4	5.73156	0.344143	4	5.87431	0.346047	4	6.01507	0.341131	4	5.98529	0.605666	4	6.10522	0.344573	4	6.21503	0.401131
1440	4	4	4.55244	6.11492	1.00281	4	4.69887	0.3497	4	4.64736	0.512432	4	4.82313	0.343126	4	4.95632	0.340029	4	5.09336	0.342242	4	5.04626	0.567398	4	5.19732	0.344167	4	5.32805	0.343446	4	5.46399	0.347668	4	5.43544	0.785639	4	5.872	0.345014	4	5.77246	0.342315	4	5.88682	0.341881	4	5.8494	0.585422	4	6.0009	0.343061	4	6.13743	0.437896
1440	4	4	4.61987	6.15165	1.01098	4	4.74762	0.340105	4	4.70129	0.485498	4	4.94331	0.349061	4	5.07207	0.340832	4	5.20565	0.340045	4	5.16638	0.540809	4	5.36461	0.348726	4	5.46944	0.342846	4	5.56874	0.347306	4	5.52012	0.519632	4	5.72158	0.334003	4	5.85237	0.339135	4	5.99018	0.350226	4	6.01287	0.620054	4	6.05712	0.345647	4	6.17372	0.918349
1440	4	4	4.58327	6.20486	1.01151	4	4.71544	0.350225	4	4.67398	0.665114	4	4.8091	0.345302	4	4.93715	0.340574	4	5.08103	0.339489	4	5.08524	2.0899	4	5.23372	0.339806	4	5.38957	0.34644	4	5.50477	0.346912	4	5.51231	0.47192	4	5.7448	0.338604	4	5.86718	0.345413	4	5.99234	0.395694	4	5.95097	0.580487	4	6.10664	0.346122	4	6.22348	0.404871
1440	4	4	4.60132	6.10174	0.924079	4	4.74307	0.342071	4	4.69449	0.504357	4	4.91617	0.34359	4	5.05244	0.456718	4	5.13163	0.348076	4	5.10261	0.468646	4	5.27761	0.338659	4	5.38708	0.347431	4	5.50437	0.341719	4	5.49051	1.16561	4	5.62069	0.341617	4	5.72816	0.349478	4	5.87087	0.350351	4	5.84648	1.14497	4	5.9958	0.341332	4	6.12131	0.459146
1440


1728	2	2	1.15284	4.56705	2.61215	4	2.17764	2.21139	4	2.18046	3.67026	4	3.42648	2.19406	4	4.60211	2.20855
1728	2	2	1.16992	4.59157	2.60913	4	2.22311	2.20488	4	2.22836	4.08097	4	3.47682	2.18921	4	4.62592	2.20278
1728	2	2	1.17894	4.31363	2.60587	4	2.20792	2.20128	4	2.21181	3.89349	4	3.25669	2.18884	4	4.34416	2.20288
1728	2	2	1.18698	4.3323	2.58403	4	2.21441	2.2006	4	2.198	4.45002	4	3.21101	2.19409	4	4.3607	2.19636
1728	2	2	1.17812	4.69333	2.61243	4	2.23077	2.20283	4	2.23536	3.57353	4	3.54868	2.20344	4	4.73122	2.19787
1728
1728	2	2	1.14713	4.57216	2.65607	4	2.23094	2.20023	4	2.23	4.28665	4	3.5034	2.20871	4	4.63075	2.21021
1728	2	2	1.17608	4.60418	2.61269	4	2.20161	2.19815	4	2.22667	3.59626	4	3.37327	2.19506	4	4.64125	2.20128
1728	2	2	1.13786	4.55763	2.60786	4	2.16079	2.20043	4	2.16458	3.21684	4	3.39716	2.20723	4	4.59808	2.19386
1728	2	2	1.13172	4.33517	2.61313	4	2.13621	2.20015	4	2.16445	3.76694	4	3.21143	2.20315	4	4.37425	2.20557
1728	2	2	1.23074	4.41337	2.72581	4	2.27755	2.2107	4	2.24511	4.8959	4	3.34125	2.2025	4	4.44341	2.19079
1728


1440	2	4	2.28215	4.71016	0.929678	4	2.69045	0.640785	4	2.64975	1.2933	4	3.15305	0.635281	4	3.52855	0.640319	4	3.91608	0.641766	4	3.90673	1.083	4	4.36455	0.637799	4	4.74613	0.762941
1440	2	4	2.3028	4.4369	0.910348	4	2.68323	0.647825	4	2.68006	1.08708	4	3.0299	0.64385	4	3.40517	0.636319	4	3.75981	0.644167	4	3.72381	1.15808	4	4.10402	0.638978	4	4.46264	0.757414
1440	2	4	2.27988	4.37442	0.899969	4	2.66953	0.639644	4	2.66867	1.20347	4	2.9795	0.638003	4	3.33947	0.650955	4	3.7229	0.637806	4	3.699	1.32674	4	4.03391	0.638818	4	4.396	0.744134
1440	2	4	2.27101	4.5642	0.912563	4	2.66474	0.650202	4	2.63809	0.877243	4	3.14771	0.63585	4	3.52691	0.644033	4	3.84431	0.637093	4	3.84152	1.49927	4	4.2033	0.636344	4	4.58912	0.76226
1440	2	4	2.2924	4.59377	0.926632	4	2.69634	0.647625	4	2.65372	1.18027	4	3.12729	0.6332	4	3.53315	0.641831	4	3.91029	0.636912	4	3.87252	1.34859	4	4.23097	0.636572	4	4.6157	0.762222
1440
1440	2	4	2.31546	4.50677	0.925454	4	2.69224	0.642989	4	2.65703	1.10663	4	3.08347	0.635099	4	3.44482	0.638585	4	3.81294	0.636346	4	3.78681	1.68377	4	4.17885	0.634796	4	4.52801	0.766215
1440	2	4	2.28679	4.41255	0.92333	4	2.66612	0.636931	4	2.68933	1.07691	4	3.03523	0.635937	4	3.40191	0.632927	4	3.75318	0.638854	4	3.73065	1.20775	4	4.08808	0.633667	4	4.436	0.767802
1440	2	4	2.30162	4.5039	0.92309	4	2.63107	0.643566	4	2.61297	1.14146	4	2.97205	0.644343	4	3.342	0.63506	4	3.70823	0.63709	4	3.66904	0.94376	4	4.18293	0.63812	4	4.52776	0.763959
1440	2	4	2.25986	4.52951	0.910717	4	2.6227	0.642046	4	2.59438	1.04667	4	3.11765	0.636801	4	3.49411	0.634519	4	3.86368	0.636104	4	3.86826	1.88693	4	4.18625	0.640142	4	4.55358	0.757798
1440	2	4	2.28379	4.57333	1.467	4	2.66817	0.63843	4	2.64169	1.06159	4	3.11231	0.637271	4	3.47466	0.634031	4	3.80128	0.637435	4	3.77225	1.07417	4	4.21943	0.640163	4	4.5961	1.29834
1440


2880	1	1	0.0764499	0.413591	41.6726	4	0.8022	40.9144
2880	1	1	0.109739	0.332734	41.2132	4	0.45308	40.7264
2880	1	1	0.077811	0.360883	40.8795	4	0.468274	40.4151
2880	1	1	0.075501	0.304113	40.9642	4	0.421801	40.5075
2880	1	1	0.073262	0.40051	40.9533	4	0.50928	40.4856


4320	3	4	3.47671	50.322	13.3658	4	8.22898	11.4117	4	8.39599	17.0919	4	13.6547	11.3764	4	19.0907	11.3809	4	24.1341	30.0008	4	24.3148	19.0977	4	29.4557	11.7327	4	34.3347	11.384	4	39.449	18.9608	4	39.7411	18.5589	4	45.3478	12.5891	4	50.4046	12.5273
4320	3	4	3.46474	50.7186	13.3011	4	8.13942	31.2945	4	8.28744	18.4595	4	13.3306	11.3459	4	18.6215	11.8667	4	24.0566	21.8027	4	24.2577	17.7441	4	29.6996	11.3371	4	34.8098	11.3038	4	40.6458	13.9575	4	40.828	19.0651	4	45.5532	12.5471	4	50.7924	12.4833
4320	3	4	3.46591	50.431	16.2378	4	8.16124	11.3443	4	8.39829	19.2663	4	13.7754	11.7242	4	18.6574	11.3573	4	23.5373	11.3753	4	23.7605	18.6316	4	29.3057	11.469	4	34.5055	11.7608	4	39.5376	25.6859	4	39.8056	20.023	4	45.4589	11.9775	4	50.5124	12.7456
4320	3	4	3.44565	50.2811	13.4811	4	8.14538	11.744	4	8.32124	18.2708	4	14.0847	11.5289	4	19.3432	11.3667	4	24.3035	11.5672	4	24.5186	24.6982	4	29.6151	11.632	4	34.7632	11.3251	4	39.5621	11.4116	4	39.7599	20.3021	4	45.4906	12.4883	4	50.3557	12.6805
4320	3	4	3.44455	50.6136	13.6067	4	8.15016	38.8908	4	8.29748	15.7582	4	13.2575	11.4296	4	18.5475	11.6526	4	24.0643	26.0576	4	24.1951	21.0496	4	29.0472	11.3597	4	34.1106	11.3854	4	40.1997	17.762	4	40.2624	18.8802	4	45.6841	12.1989	4	50.6913	12.7811
4320
4320	3	4	3.49808	50.92	13.1446	4	8.20828	29.2035	4	8.3909	20.362	4	13.3118	11.3552	4	18.3659	11.4376	4	24.1313	19.6041	4	24.4389	18.6122	4	29.7481	11.4407	4	34.8315	11.3756	4	40.5384	12.8558	4	40.7166	16.1198	4	46.0206	12.5521	4	51.0011	12.3265
4320	3	4	3.42241	49.2832	13.3109	4	8.14033	11.2963	4	8.34511	18.8683	4	13.577	11.5481	4	18.7262	11.6258	4	23.7115	11.5421	4	23.9576	21.4	4	29.3224	11.55	4	34.1463	11.7622	4	39.007	11.7337	4	39.2512	20.8722	4	44.4896	12.0128	4	49.3589	12.4999
4320	3	4	3.42919	50.1246	31.0993	4	8.16311	11.7693	4	8.37809	22.9274	4	13.0511	11.8731	4	17.9444	38.5207	4	22.995	11.2851	4	23.2432	17.5793	4	28.6482	11.3812	4	34.4824	25.816	4	39.4689	11.3273	4	39.7299	18.4479	4	44.6028	12.1794	4	50.4357	30.0501
4320	3	4	3.44605	50.1714	23.0198	4	8.10088	11.8846	4	8.27598	20.3149	4	12.8702	11.6222	4	17.8424	11.3738	4	22.9484	11.3865	4	23.2449	25.4185	4	29.2202	11.4174	4	34.2506	37.0959	4	39.0852	11.3943	4	39.3602	19.2024	4	44.0374	12.4626	4	50.2601	21.5596
4320	3	4	3.4868	49.9956	17.0473	4	8.19919	11.8812	4	8.41571	23.6466	4	13.1987	11.7943	4	18.0391	11.5458	4	23.1907	11.3842	4	23.395	19.6772	4	29.608	11.4399	4	34.7936	11.5561	4	39.8982	25.7332	4	40.1277	19.0075	4	44.9868	12.1021	4	50.0669	12.7346
4320


4320	4	4	4.57391	56.6285	10.1154	4	8.60791	8.58079	4	8.75916	15.1483	4	13.054	8.9032	4	17.4639	8.48396	4	21.5779	8.58546	4	21.7626	19.0335	4	26.0139	8.54842	4	30.4341	8.63618	4	34.3797	8.57934	4	34.5965	13.1081	4	39.5042	8.53141	4	44.0423	8.51217	4	48.1912	8.58944	4	48.3538	14.9313	4	52.3773	9.38919	4	56.7063	9.49291
4320	4	4	4.59142	56.4812	9.87942	4	8.50447	8.54574	4	8.64071	17.9749	4	12.6014	8.52008	4	17.027	8.76029	4	21.08	8.55746	4	21.2566	19.8086	4	25.196	8.53185	4	29.4498	8.52703	4	33.6189	8.66007	4	33.7762	15.5049	4	38.3776	8.53971	4	43.308	8.52884	4	47.4571	8.52226	4	47.6295	14.7592	4	52.3286	9.36353	4	56.5473	9.26606
4320	4	4	4.58109	56.2758	10.6918	4	8.51206	8.54826	4	8.6739	15.5886	4	12.9217	8.52678	4	17.4613	8.5277	4	21.5993	8.61614	4	21.7748	14.784	4	26.1718	8.58412	4	30.3926	8.56716	4	34.5889	8.51855	4	34.7736	14.7796	4	38.941	8.54745	4	43.2198	8.52953	4	47.259	8.57551	4	47.5313	12.7934	4	51.8087	8.99905	4	56.3622	10.0478
4320	4	4	4.60551	56.2402	10.2234	4	8.49781	8.56744	4	8.63293	16.663	4	13.4477	8.52305	4	17.7563	8.52892	4	21.7271	8.89445	4	21.9195	14.198	4	26.1947	8.55607	4	30.1765	8.56397	4	34.1268	8.64777	4	34.2953	14.1362	4	38.8545	8.57654	4	43.5051	8.87528	4	47.6361	8.62588	4	47.7987	13.8181	4	52.1223	9.78417	4	56.3132	9.58766
4320	4	4	4.65807	56.4478	10.0211	4	8.68608	8.88606	4	8.81685	16.8348	4	13.508	8.70261	4	17.8777	8.5486	4	21.9293	8.7492	4	22.114	15.2851	4	26.3146	8.56059	4	30.721	8.53114	4	34.9581	8.55851	4	35.1501	17.1927	4	39.5015	8.46758	4	43.7108	8.53126	4	47.7596	8.54265	4	47.9209	15.5452	4	52.3404	9.07179	4	56.5199	9.37923
4320
4320	4	4	4.60134	56.3763	10.3127	4	8.51229	8.50607	4	8.7208	14.1946	4	12.8538	8.5095	4	17.3035	8.5192	4	21.6139	8.58758	4	21.7823	13.6579	4	26.0452	8.91832	4	30.5703	8.60706	4	34.8891	8.64563	4	35.0201	15.5448	4	39.0811	8.72982	4	43.3174	8.54851	4	47.2857	8.53956	4	47.4539	14.6775	4	52.2702	9.3225	4	56.4436	9.65555
4320	4	4	4.59389	55.4893	10.4249	4	8.49086	8.60812	4	8.6597	15.4259	4	12.9684	8.60477	4	17.1019	8.46043	4	20.948	8.56264	4	21.1148	13.974	4	25.1014	8.52188	4	29.4559	8.56812	4	33.5312	8.60744	4	33.7594	14.8719	4	38.0346	8.54655	4	42.5128	8.56314	4	46.5521	8.72763	4	46.7311	14.9214	4	51.2498	9.9758	4	55.5551	9.79834
4320	4	4	4.65073	56.9853	9.77619	4	8.59485	8.55048	4	8.77948	12.157	4	14.1082	8.54524	4	18.7612	8.55287	4	22.6861	8.78934	4	22.8217	13.9551	4	27.1998	8.53035	4	31.8587	8.53849	4	35.7808	8.56163	4	35.9149	19.8668	4	39.794	8.50558	4	44.0363	8.51914	4	48.1714	8.58064	4	48.4075	14.2667	4	52.6453	9.42747	4	57.0462	9.12886
4320	4	4	4.60048	56.439	10.1186	4	8.59833	8.44407	4	8.73656	12.9371	4	13.0423	8.51063	4	17.2782	8.60314	4	21.2288	8.5729	4	21.4124	12.5463	4	25.5441	8.69465	4	29.8411	8.53685	4	34.1192	8.48321	4	34.2635	16.9693	4	38.2955	8.90776	4	42.8666	8.67191	4	46.7306	8.53104	4	47.0102	16.297	4	52.2694	9.68277	4	56.5066	9.48745
4320	4	4	4.58523	55.3599	10.3473	4	8.5055	8.54961	4	8.66038	15.3267	4	12.7158	8.67902	4	16.849	8.54652	4	20.9789	8.54287	4	21.1285	15.7513	4	25.7838	8.53749	4	29.8714	8.57391	4	33.9113	8.48617	4	34.171	13.2426	4	38.2259	8.47269	4	42.6871	8.52984	4	46.8181	8.52344	4	46.929	14.9756	4	51.2199	9.62403	4	55.4321	9.71824
4320


1728	2	1	0.454633	2.18061	5.12098	4	2.19031	4.36447	4	2.21461	4.52183
1728	2	1	0.439238	2.14878	5.12988	4	2.15709	4.36224	4	2.18685	4.41889
1728	2	1	0.439559	2.15442	5.15668	4	2.16919	4.35736	4	2.19437	4.33301
1728	2	1	0.448219	2.12293	5.08422	4	2.1416	4.33384	4	2.16159	4.34874
1728	2	1	0.449675	2.11389	10.4784	4	2.14532	9.65813	4	2.16924	9.70439
1728
1728	2	1	0.441944	2.1798	5.20196	4	2.22171	4.36332	4	2.28155	4.58215
1728	2	1	0.553837	2.1254	5.08748	4	2.25035	4.393	4	2.1652	4.75153
1728	2	1	0.438278	2.13076	5.15379	4	2.15575	4.36724	4	2.18594	4.35306
1728	2	1	0.471005	2.12563	5.12603	4	2.14641	4.34247	4	2.16429	4.34333
1728	2	1	0.445391	2.14044	5.10465	4	2.14478	4.35961	4	2.17922	4.4031
1728


3600	1	1	0.0673399	0.595646	80.6937	4	1.13264	79.6005
3600	1	1	0.073832	0.497259	79.9026	4	0.661773	79.1958
3600	1	1	0.0733502	0.521698	80.3365	4	0.685797	79.6273
3600	1	1	0.079154	0.517878	79.7469	4	0.681053	79.0201
3600	1	1	0.076082	0.53174	80.9796	4	0.695132	80.268


960	4	4	4.55545	2.81915	0.382185	4	4.42973	0.139106	4	4.37749	0.169797	4	4.25511	0.137468	4	4.10585	0.152508	4	3.98413	0.136098	4	3.92973	0.219386	4	3.81789	0.1325	4	3.71129	0.138302	4	3.55878	0.134842	4	3.50117	0.199398	4	3.38884	0.139667	4	3.27445	0.130062	4	3.14061	0.143328	4	3.09212	0.210133	4	2.97822	0.135471	4	2.8389	0.172209
960	4	4	4.58193	2.78531	0.407556	4	4.46404	0.13803	4	4.40939	0.357522	4	4.2912	0.141859	4	4.15801	0.131467	4	4.00519	0.246557	4	4.00403	0.160152	4	3.81487	0.127706	4	3.68079	0.137947	4	3.562	0.138508	4	3.50366	0.196426	4	3.36259	0.138729	4	3.23209	0.138342	4	3.10047	0.13431	4	3.04404	0.158426	4	2.94517	0.137221	4	3.01486	0.148124
960	4	4	4.6117	2.83412	0.449949	4	4.49804	0.135004	4	4.44421	0.189782	4	4.32157	0.140424	4	4.19363	0.12764	4	4.05417	0.133235	4	3.99328	0.158373	4	3.88435	0.130018	4	3.74609	0.138559	4	3.58702	0.144691	4	3.53226	0.167338	4	3.41369	0.132235	4	3.25301	0.127382	4	3.12568	0.135249	4	3.08587	0.17616	4	2.97832	0.138514	4	2.85168	0.164657
960	4	4	4.57056	2.81479	0.42496	4	4.45756	0.139348	4	4.40371	0.19562	4	4.26905	0.132508	4	4.13766	0.133989	4	4.00871	0.135825	4	3.96141	0.545659	4	3.85205	0.136502	4	3.72049	0.132518	4	3.59455	0.132031	4	3.53997	0.159884	4	3.45222	0.13098	4	3.32796	0.131178	4	3.17602	0.137185	4	3.10886	0.177924	4	2.97649	0.139696	4	2.82954	0.156125
960	4	4	4.61871	2.76011	0.408648	4	4.45176	0.132916	4	4.38942	0.209887	4	4.27932	0.140001	4	4.13896	0.139148	4	3.99664	0.12889	4	3.9917	0.617337	4	3.83883	0.139576	4	3.68798	0.139229	4	3.5453	0.137052	4	3.49001	0.157028	4	3.38509	0.133777	4	3.2296	0.136566	4	3.09443	0.137528	4	3.04034	0.15448	4	2.91868	0.140468	4	2.77889	0.156171
960
960	4	4	4.55051	2.83817	0.409826	4	4.42696	0.161264	4	4.37561	0.180575	4	4.26502	0.249414	4	4.14467	0.137388	4	4.00839	0.128627	4	3.95795	0.176977	4	3.83177	0.133528	4	3.7166	0.134576	4	3.55542	0.13563	4	3.51624	0.16039	4	3.42267	0.13992	4	3.30051	0.133622	4	3.15189	0.129495	4	3.0975	0.1578	4	2.98586	0.13814	4	3.07169	0.140281
960	4	4	4.58062	2.79524	0.431819	4	4.4639	0.220594	4	4.40897	0.164645	4	4.3052	0.230594	4	4.17621	0.13588	4	4.0104	0.132146	4	3.95555	0.17716	4	4.0955	0.133358	4	3.73507	0.215591	4	3.59797	0.128694	4	3.54125	0.183568	4	3.42505	0.131482	4	3.28876	0.137068	4	3.15235	0.138663	4	3.09944	0.199674	4	2.94128	0.136874	4	2.81381	0.138463
960	4	4	4.5672	2.85855	0.427515	4	4.44411	0.129749	4	4.37715	0.184588	4	4.25185	0.136597	4	4.10846	0.131316	4	3.96811	0.133013	4	3.9123	0.1673	4	3.83455	0.128268	4	3.72237	0.134589	4	3.56929	0.135934	4	3.52331	0.178939	4	3.45113	0.136173	4	3.29942	0.130191	4	3.18319	0.138847	4	3.13604	0.497811	4	3.02323	0.130758	4	2.87437	0.141116
960	4	4	4.56321	2.90478	0.417194	4	4.43866	0.138223	4	4.3905	0.193488	4	4.28028	0.128534	4	4.15281	0.128106	4	4.01167	0.136433	4	3.96301	0.155919	4	3.86059	0.130607	4	3.74603	0.130002	4	3.62685	0.139577	4	3.58285	0.173056	4	3.45051	0.135693	4	3.31646	0.133825	4	3.19793	0.132904	4	3.12959	0.172744	4	3.05633	0.132914	4	2.92358	0.151525
960	4	4	4.56759	2.86217	0.413426	4	4.44389	0.129548	4	4.38493	0.653106	4	4.49769	0.129793	4	4.14932	0.138647	4	4.02521	0.132432	4	3.9868	0.195543	4	3.85766	0.132878	4	3.71351	0.130989	4	3.58104	0.128749	4	3.51995	0.185969	4	3.39984	0.140507	4	3.29405	0.133238	4	3.16685	0.137745	4	3.10747	0.174564	4	3.02284	0.132051	4	2.87739	0.16222
960


5184	2	1	0.439703	19.0288	126.303	4	18.8503	119.704	4	19.2888	119.669
5184	2	1	0.449661	19.0504	124.646	4	18.6596	118.233	4	19.3128	117.938
5184	2	1	0.523117	19.0893	125.264	4	18.6784	118.525	4	19.3536	119.89
5184	2	1	0.443331	19.1116	126.461	4	18.6636	119.832	4	19.3729	117.821
5184	2	1	0.446175	18.9682	124.377	4	18.549	117.831	4	19.2297	118.072
5184
5184	2	1	0.450648	19.3988	124.574	4	18.8864	118.013	4	19.67	119.333
5184	2	1	0.465098	19.1575	126.041	4	18.6733	118.677	4	19.4298	121.334
5184	2	1	0.444456	19.1155	124.545	4	18.5879	118.236	4	19.4005	118.258
5184	2	1	0.443876	19.2659	124.644	4	18.8191	118.21	4	19.5356	117.505
5184	2	1	0.487393	19.2452	124.896	4	18.7807	118.604	4	19.5182	118.439
5184


4320	2	2	1.13973	26.8763	36.4443	4	9.42705	34.1276	4	9.78127	45.0871	4	18.2697	35.1052	4	27.0317	34.1044
4320	2	2	1.16789	27.0332	36.4162	4	9.39029	34.1166	4	9.75348	44.8802	4	18.5673	34.7928	4	27.1632	34.0794
4320	2	2	1.17017	27.0086	36.9609	4	9.32663	34.3193	4	9.62748	43.8359	4	18.2957	34.2295	4	27.1391	34.647
4320	2	2	1.17374	26.9866	61.7716	4	9.491	34.0255	4	9.84195	42.9971	4	18.2754	66.6848	4	27.1137	34.087
4320	2	2	1.17341	27.3908	36.3808	4	9.43229	34.6319	4	9.77813	46.9012	4	18.0229	34.0097	4	27.5139	34.0724
4320
4320	2	2	1.16941	27.4874	37.2177	4	9.41194	34.7494	4	9.86424	46.8577	4	18.6866	34.0878	4	27.9463	34.6016
4320	2	2	1.15874	27.4689	67.8715	4	9.45211	34.2734	4	9.92596	46.6748	4	18.6511	72.9637	4	27.6233	34.5705
4320	2	2	1.16053	28.4766	36.5651	4	9.58282	34.5476	4	9.92757	44.0963	4	19.329	34.0688	4	28.6043	34.2543
4320	2	2	1.17833	27.8006	37.1374	4	9.5091	33.8865	4	9.86462	44.5294	4	18.9784	34.1767	4	27.9358	34.8152
4320	2	2	1.19949	27.3846	36.8489	4	9.47788	34.2972	4	9.80342	44.8109	4	18.6918	34.7809	4	27.5214	34.4806
4320


4320	2	1	0.440401	13.3225	73.6967	4	13.0288	69.1914	4	13.5063	68.0339
4320	2	1	0.449912	13.3883	72.6797	4	13.0395	68.379	4	13.5823	68.6077
4320	2	1	0.456796	12.999	73.0393	4	12.6884	68.2583	4	13.1954	69.0528
4320	2	1	0.436822	13.2608	73.4794	4	12.9962	69.0285	4	13.446	69.3676
4320	2	1	0.439662	13.3602	72.8579	4	13.0421	68.2081	4	13.5452	69.7024
4320
4320	2	1	0.44414	15.2199	73.0733	4	14.2133	68.5356	4	16.0828	69.3328
4320	2	1	0.507285	13.3387	73.6741	4	13.1067	69.3585	4	13.5289	68.2858
4320	2	1	0.448829	13.4124	73.9307	4	13.0715	69.5678	4	13.604	67.7788
4320	2	1	0.4554	13.3268	73.9525	4	13.0199	69.4647	4	13.5178	68.32
4320	2	1	0.479609	13.3437	73.892	4	13.0902	69.5313	4	13.5352	68.2807
4320


2304	1	1	0.0893791	0.223271	21.1212	4	0.33136	20.7634
2304	1	1	0.0778601	0.234543	21.3701	4	0.303823	21.048
2304	1	1	0.0787041	0.231059	21.3946	4	0.300259	21.0892
2304	1	1	0.0737779	0.202503	21.487	4	0.27727	21.1823
2304	1	1	0.0764511	0.221557	21.4141	4	0.293315	21.1162


720	1	1	0.160379	0.039392	0.716692	4	0.06811	0.637878
720	1	1	0.0763259	0.032532	0.717432	4	0.0533729	0.641077
720	1	1	0.069947	0.032584	0.712841	4	0.054081	0.642917
720	1	1	0.0766542	0.0318868	0.721352	4	0.0532532	0.649125
720	1	1	0.0740151	0.0291829	0.703667	4	0.0485051	0.635372
720	1	1	0.073343	0.0379398	0.706336	4	0.0530179	0.641285
720	1	1	0.0725069	0.0305901	0.720724	4	0.0472529	0.653948
720	1	1	0.0728819	0.0301859	0.708347	4	0.0470669	0.642625
720	1	1	0.075985	0.037255	0.703653	4	0.053596	0.639234


1440	3	4	3.42554	5.31462	0.928791	4	3.65092	0.448697	4	3.59172	0.676073	4	3.94181	0.441121	4	4.14909	0.43941	4	4.36119	0.446312	4	4.32414	1.43912	4	4.54682	0.437759	4	4.77882	0.451854	4	4.96949	0.437492	4	4.92739	0.81722	4	5.1395	0.434993	4	5.33228	0.492863
1440	3	4	3.3985	5.43113	0.833421	4	3.6103	0.444657	4	3.56757	0.661774	4	3.91973	0.44581	4	4.13664	0.444304	4	4.3823	0.43817	4	4.32868	0.814225	4	4.60647	0.443667	4	4.82531	0.441901	4	5.04191	0.450645	4	5.04942	1.18682	4	5.23304	0.438814	4	5.44635	0.520854
1440	3	4	3.4173	5.33598	0.842231	4	3.63198	0.446955	4	3.58843	0.700939	4	3.90819	0.44356	4	4.08363	0.439237	4	4.29025	0.445966	4	4.27245	0.697811	4	4.59321	0.440108	4	4.78828	0.43678	4	4.99493	0.934269	4	4.97766	0.624062	4	5.16348	0.439386	4	5.36029	0.5943
1440	3	4	3.44113	5.55736	0.847489	4	3.66254	0.442494	4	3.62139	0.752984	4	3.95268	0.444784	4	4.15343	0.441777	4	4.36233	0.437309	4	4.34202	0.647956	4	4.66863	0.439019	4	4.83438	0.446794	4	5.05462	0.448382	4	5.02371	0.704194	4	5.34768	0.442873	4	5.5883	0.586678
1440	3	4	3.36112	5.45645	0.836795	4	3.57445	0.443922	4	3.54274	0.696719	4	3.92151	0.440933	4	4.17422	0.439832	4	4.35629	0.445902	4	4.31658	0.80083	4	4.68414	0.437653	4	4.90215	0.437274	4	5.13093	0.442433	4	5.08992	0.873065	4	5.26859	0.438704	4	5.47947	0.597963
1440
1440	3	4	3.44022	5.49787	0.840338	4	3.65165	0.439761	4	3.61275	0.651129	4	3.95068	0.434708	4	4.18319	0.448851	4	4.36922	0.445953	4	4.3278	0.801241	4	4.55941	0.441126	4	4.76585	0.440913	4	4.97884	0.446243	4	4.93882	0.873059	4	5.33403	0.442878	4	5.51991	0.589937
1440	3	4	3.42021	5.24918	0.873723	4	3.653	0.442046	4	3.61332	0.769332	4	3.85976	0.442971	4	4.04573	0.435424	4	4.25223	0.591853	4	4.20984	0.889279	4	4.45912	0.441812	4	4.6659	0.445074	4	4.87307	0.442257	4	4.83159	0.723416	4	5.07264	1.01869	4	5.2836	0.531976
1440	3	4	3.39543	5.22233	0.881332	4	3.61296	0.43929	4	3.56527	0.845516	4	3.78782	0.443032	4	4.0013	0.440429	4	4.22422	0.446608	4	4.25466	0.80746	4	4.38293	0.445484	4	4.59672	0.445137	4	4.81072	0.447455	4	4.81832	0.782838	4	5.013	0.44121	4	5.24424	0.590804
1440	3	4	3.42493	5.27657	0.793949	4	3.679	0.960988	4	3.63422	1.09943	4	3.9056	0.444989	4	4.10181	0.962808	4	4.31145	0.437486	4	4.28009	0.80204	4	4.49343	0.442395	4	4.71628	0.443829	4	4.92837	0.446161	4	4.89273	1.1463	4	5.12079	0.438825	4	5.29599	0.521385
1440	3	4	3.43974	5.31216	0.937698	4	3.67636	0.440824	4	3.63755	0.82798	4	3.85029	0.442178	4	4.05711	0.441285	4	4.24943	0.439758	4	4.21589	0.589987	4	4.51079	0.443491	4	4.72011	0.439357	4	4.91882	0.446717	4	4.89301	0.955695	4	5.10848	0.443078	4	5.33714	0.53148
1440


1728	3	4	3.49279	7.63426	1.23917	4	3.96802	0.74138	4	3.94369	1.57841	4	4.40819	0.736013	4	4.87028	0.746896	4	5.30826	0.743549	4	5.29167	1.39093	4	5.74193	0.74058	4	6.1976	0.752804	4	6.66764	0.747595	4	6.63393	1.08522	4	7.21826	0.745061	4	7.67713	0.955679
1728	3	4	3.44634	7.57981	1.18562	4	3.84334	0.744516	4	3.81607	1.33394	4	4.39447	0.738699	4	4.87066	0.73579	4	5.32136	0.742115	4	5.31122	1.28526	4	5.75676	0.742843	4	6.26198	0.745383	4	6.71442	0.743294	4	6.68203	1.61089	4	7.14549	0.737718	4	7.60843	0.970477
1728	3	4	3.41944	7.81741	1.24341	4	3.89378	0.741064	4	3.92776	1.19936	4	4.5839	0.744134	4	4.99143	0.748935	4	5.46036	0.74733	4	5.43293	1.08989	4	6.01714	0.741729	4	6.49793	0.740074	4	6.94667	0.746938	4	6.97037	1.35826	4	7.37919	0.748049	4	7.83825	0.8321
1728	3	4	3.44674	7.82036	1.216	4	3.92364	0.738607	4	3.87596	1.35742	4	4.50097	0.742608	4	4.94719	0.743147	4	5.39556	0.749303	4	5.41306	1.51368	4	5.82286	0.745967	4	6.29443	0.740771	4	6.7309	0.741205	4	6.69942	1.11821	4	7.41977	0.740613	4	7.84265	0.875422
1728	3	4	3.42147	7.71657	1.17957	4	3.90869	0.744724	4	3.86631	1.60535	4	4.50592	0.743732	4	4.97113	0.747809	4	5.39434	0.742015	4	5.4552	1.2165	4	5.984	0.738149	4	6.41773	0.747227	4	6.86847	0.748234	4	6.84949	1.36529	4	7.30505	0.738764	4	7.74154	0.913504
1728
1728	3	4	3.45796	7.87921	1.23291	4	3.94007	0.743835	4	3.90594	1.09508	4	4.55405	0.736768	4	5.01315	0.74085	4	5.48633	0.743376	4	5.4643	1.35532	4	5.9034	0.735531	4	6.34896	0.740514	4	6.79677	0.739445	4	6.77792	1.08697	4	7.42079	0.738985	4	7.90427	0.938832
1728	3	4	3.44659	7.72944	1.17566	4	3.92086	0.746208	4	3.89153	1.39592	4	4.44965	0.750241	4	4.90528	0.748531	4	5.3633	0.741067	4	5.33901	1.36512	4	5.9351	0.739906	4	6.41472	0.743513	4	6.86644	0.747667	4	6.83419	1.35797	4	7.29205	0.735023	4	7.75389	0.94227
1728	3	4	3.4429	7.7076	1.22902	4	3.91353	0.742718	4	3.88429	1.07542	4	4.37375	0.747103	4	4.87872	0.73931	4	5.33969	0.734097	4	5.30974	1.06921	4	5.90278	0.739738	4	6.35332	0.741552	4	6.82684	0.743822	4	6.79877	1.61464	4	7.30243	0.735287	4	7.7325	0.907423
1728	3	4	3.39421	7.83338	1.19991	4	3.8356	0.744841	4	3.80786	1.75306	4	4.29586	0.743511	4	4.72653	0.757701	4	5.22966	0.744998	4	5.21809	1.12043	4	5.79316	0.741262	4	6.27277	0.737184	4	6.72236	0.748091	4	6.6939	1.44074	4	7.4157	0.735278	4	7.86072	0.942899
1728	3	4	3.43415	7.87298	1.21817	4	3.87013	0.739408	4	3.86616	1.16576	4	4.39318	0.746421	4	4.85822	0.743381	4	5.30324	0.737455	4	5.27114	1.4202	4	5.76421	0.740943	4	6.21835	0.743768	4	6.66551	0.736452	4	6.68383	1.15014	4	7.42426	0.740519	4	7.89771	0.898448
1728


1440	2	1	0.434426	1.50741	3.06714	4	1.54342	2.53721	4	1.53593	2.57101
1440	2	1	0.45039	1.54556	3.12318	4	1.57911	2.54755	4	1.57583	2.60183
1440	2	1	0.445463	1.54801	3.07235	4	1.58179	2.54108	4	1.5791	2.65334
1440	2	1	0.453294	1.46143	3.10227	4	1.50117	2.53428	4	1.49311	2.54975
1440	2	1	0.430266	1.49221	3.08298	4	1.52769	2.54278	4	1.5191	2.53621
1440
1440	2	1	0.436178	1.61434	3.12689	4	1.61981	2.54876	4	1.71749	2.62383
1440	2	1	0.440625	1.52849	3.06367	4	1.56217	2.5333	4	1.56637	2.69166
1440	2	1	0.480234	1.52288	3.13224	4	1.55454	2.57882	4	1.55224	2.5375
1440	2	1	0.442799	1.51555	6.0034	4	1.55929	2.5396	4	1.55496	5.89044
1440	2	1	0.439416	1.53742	3.09426	4	1.55426	2.51159	4	1.57554	2.56888
1440


960	2	4	2.26908	2.01894	0.38396	4	2.25969	0.226053	4	2.20308	0.650165	4	2.23534	0.222302	4	2.17913	0.223512	4	2.14521	0.220381	4	2.09022	0.403887	4	2.05639	0.228636	4	2.04123	0.269773
960	2	4	2.27504	2.11073	0.384769	4	2.26591	0.223461	4	2.21872	1.0322	4	2.21983	0.228709	4	2.18573	0.219883	4	2.15609	0.221782	4	2.11735	0.343258	4	2.14522	0.225461	4	2.12671	0.269578
960	2	4	2.25383	2.06426	0.392661	4	2.24879	0.396324	4	2.20641	0.506673	4	2.20617	0.217628	4	2.17713	0.215408	4	2.16702	0.218264	4	2.12035	0.500153	4	2.12028	0.22294	4	2.08754	0.277137
960	2	4	2.34174	2.1649	0.383473	4	2.27713	0.221129	4	2.2296	0.340076	4	2.2199	0.227679	4	2.1984	0.213252	4	2.16241	0.225479	4	2.11266	0.292815	4	2.19295	0.218361	4	2.18727	0.267358
960	2	4	2.27865	2.11135	0.40501	4	2.27308	0.225874	4	2.23111	0.341344	4	2.263	0.226787	4	2.23502	0.230991	4	2.2173	0.218037	4	2.16931	0.420444	4	2.15162	0.218646	4	2.12719	0.273941
960
960	2	4	2.31258	2.06011	0.401528	4	2.2947	0.224356	4	2.23521	0.360586	4	2.22846	0.220588	4	2.19707	0.215857	4	2.18047	0.223805	4	2.12431	0.283493	4	2.10531	0.221244	4	2.07901	0.261645
960	2	4	2.31461	2.28965	0.378481	4	2.31387	0.22944	4	2.2645	0.362452	4	2.26963	0.224192	4	2.25511	0.219695	4	2.23564	0.220975	4	2.2051	0.630806	4	2.3294	0.218939	4	2.30581	0.279919
960	2	4	2.27416	2.02347	0.374342	4	2.24511	0.225132	4	2.20225	0.386368	4	2.18242	0.221345	4	2.16399	0.218308	4	2.15333	0.226506	4	2.10594	0.395247	4	2.08286	0.221542	4	2.04329	0.282768
960	2	4	2.26389	2.0242	0.38191	4	2.25337	0.225963	4	2.23411	0.357081	4	2.18004	0.219682	4	2.13818	0.228797	4	2.0877	0.234058	4	2.04329	0.288682	4	2.09184	0.220889	4	2.04105	0.28375
960	2	4	2.30137	2.06488	0.508805	4	2.29413	0.221861	4	2.24552	0.402684	4	2.22521	0.225653	4	2.16378	0.225244	4	2.15495	0.223818	4	2.1015	0.359961	4	2.10304	0.217442	4	2.29605	0.218184
960


5184	2	2	1.16695	39.0201	62.916	4	13.3187	59.0405	4	13.7704	74.4308	4	26.331	58.9082	4	39.3589	59.3953
5184	2	2	1.13478	37.5829	127.274	4	13.1788	59.5065	4	13.7674	145.301	4	25.2099	108.585	4	37.7483	59.0266
5184	2	2	1.15893	38.2484	62.2933	4	13.1346	63.4197	4	13.5672	72.6516	4	25.6015	58.77	4	38.4234	59.0046
5184	2	2	1.18377	38.4387	63.7262	4	13.1514	60.1021	4	13.6995	73.9879	4	25.8073	58.7831	4	38.6074	60.3777
5184	2	2	1.13922	38.4689	62.0539	4	13.0942	59.6879	4	13.6426	74.1811	4	25.8786	59.8157	4	38.6548	58.73
5184
5184	2	2	1.1656	38.6481	62.304	4	13.0633	58.9116	4	13.7783	72.0465	4	26.0333	59.0977	4	38.8317	58.9554
5184	2	2	1.15822	37.7453	62.17	4	13.0507	59.3805	4	13.5423	71.6425	4	25.3986	58.7068	4	37.9287	58.8801
5184	2	2	1.19293	38.5522	62.9691	4	13.2778	59.7539	4	13.8429	74.1029	4	25.936	58.896	4	38.7219	59.6475
5184	2	2	1.15794	39.2309	62.7217	4	13.1219	58.9772	4	13.5752	73.9378	4	26.1265	58.88	4	39.3999	59.4337
5184	2	2	1.16247	40.7408	62.5062	4	13.0299	59.2986	4	13.652	69.0892	4	27.7338	58.693	4	40.9156	59.1247
5184


960	2	2	1.15749	1.30643	0.553259	4	1.21885	0.393628	4	1.17813	0.720894	4	1.26832	0.398697	4	1.33963	0.402275
960	2	2	1.17612	1.31948	0.542957	4	1.2517	0.401815	4	1.20625	0.730188	4	1.25943	0.392693	4	1.33705	0.403323
960	2	2	1.15671	1.32404	0.543921	4	1.24913	0.395577	4	1.19153	0.869176	4	1.27659	0.392049	4	1.34847	0.401158
960	2	2	1.14844	1.32028	0.550663	4	1.22067	0.396693	4	1.18485	0.790717	4	1.26762	0.401638	4	1.3402	0.401469
960	2	2	1.15809	1.4016	0.538282	4	1.24611	0.40625	4	1.20398	0.678244	4	1.3633	0.396645	4	1.43069	0.394646
960
960	2	2	1.17083	1.39495	0.556726	4	1.27214	0.395288	4	1.22213	0.560186	4	1.35751	0.403891	4	1.42138	0.397518
960	2	2	1.21831	1.31365	0.540387	4	1.25869	0.401843	4	1.217	0.81846	4	1.30756	0.397452	4	1.33847	0.396313
960	2	2	1.16133	1.46328	0.548601	4	1.25929	0.395768	4	1.21931	0.646665	4	1.40672	0.401859	4	1.48606	0.404768
960	2	2	1.17375	1.31222	0.543149	4	1.27193	0.394667	4	1.19051	0.806195	4	1.24047	0.394566	4	1.33236	0.393402
960	2	2	1.12677	1.34018	0.540447	4	1.20146	0.396004	4	1.17963	0.722123	4	1.27062	0.397935	4	1.35793	0.404714
960


1728	2	4	2.29052	6.59109	1.47925	4	2.96055	2.09386	4	2.94915	1.66175	4	3.8259	1.09089	4	4.54207	1.08162	4	5.24571	1.09403	4	5.22317	2.11071	4	5.94176	1.08068	4	6.61955	1.25643
1728	2	4	2.29616	6.75595	1.48511	4	2.96528	1.08889	4	2.96017	1.70461	4	3.83014	1.09258	4	4.51011	1.08774	4	5.16454	1.09196	4	5.14417	1.69278	4	6.04471	1.09255	4	6.7869	1.2595
1728	2	4	2.30409	6.37381	1.48828	4	2.96623	1.08504	4	2.96137	1.9141	4	3.63863	1.0855	4	4.35645	1.08617	4	4.9961	1.09532	4	4.98838	1.99697	4	5.70094	1.08594	4	6.40199	1.25686
1728	2	4	2.31275	6.49394	1.47273	4	3.06508	1.09354	4	3.05049	1.87101	4	3.68721	1.09076	4	4.35475	1.08437	4	5.05816	1.08945	4	5.03762	1.70103	4	5.8189	1.0917	4	6.52383	1.24931
1728	2	4	2.31197	6.42625	1.44725	4	2.99762	1.08621	4	2.97621	2.43732	4	3.63057	1.08658	4	4.34893	1.09228	4	4.98874	1.08523	4	4.97359	2.11557	4	5.72793	1.08501	4	6.44738	1.23962
1728
1728	2	4	2.29758	6.32182	1.56914	4	2.98451	1.09045	4	2.98594	2.29269	4	3.65364	1.09503	4	4.39385	1.09017	4	5.04682	1.09433	4	5.04268	1.85004	4	5.68421	1.08552	4	6.35923	1.35256
1728	2	4	2.27864	6.8981	1.48765	4	2.96956	1.08321	4	2.95374	1.81702	4	3.91436	1.0864	4	4.63237	1.0944	4	5.31497	1.09289	4	5.31036	1.78762	4	6.26812	1.0865	4	6.92254	1.26819
1728	2	4	2.34322	6.73852	1.48093	4	3.01322	1.09518	4	3.00157	1.88244	4	3.89463	1.08145	4	4.62318	1.09106	4	5.29026	1.0932	4	5.34094	1.95267	4	5.98902	1.08378	4	6.76812	1.26429
1728	2	4	2.2953	6.51674	1.42112	4	3.00687	1.08381	4	2.9933	1.77422	4	3.71219	1.08341	4	4.41429	1.09606	4	5.05308	1.08557	4	5.04957	2.67975	4	5.87074	1.09601	4	6.54379	1.20042
1728	2	4	2.27868	6.47567	1.48903	4	2.97059	1.09565	4	2.96056	1.99967	4	3.67847	1.08289	4	4.37718	1.09062	4	5.06784	1.09562	4	5.05857	2.48551	4	5.79405	1.09495	4	6.50273	1.27131
1728


5184	3	4	3.4473	74.1477	22.6855	4	10.3452	21.6799	4	10.7224	36.1711	4	17.8836	20.7088	4	25.0007	20.1998	4	32.727	20.1513	4	33.1999	44.3505	4	42.6894	20.7703	4	50.1894	20.7188	4	57.8422	20.6632	4	58.5972	31.864	4	65.8817	21.3482	4	74.2529	21.5153
5184	3	4	3.4656	76.7632	22.644	4	10.3003	20.927	4	10.5856	28.7089	4	18.3794	20.9202	4	25.777	19.891	4	34.0151	19.9855	4	34.6859	42.3922	4	43.3797	20.9294	4	51.4667	20.2974	4	58.9623	20.0106	4	59.2555	31.5216	4	68.2963	21.3627	4	76.872	21.5267
5184	3	4	3.50182	75.7944	22.4784	4	10.3358	20.6947	4	10.5678	34.6227	4	18.463	20.7908	4	25.9294	19.7616	4	34.0799	19.8117	4	34.7839	32.6779	4	43.7528	20.5799	4	51.9136	20.5714	4	59.3247	20.809	4	59.8279	30.7809	4	67.5444	21.2424	4	75.897	21.341
5184	3	4	3.42506	75.528	21.8138	4	10.3643	21.1199	4	10.6799	32.9551	4	18.0297	21.1533	4	25.5737	20.528	4	33.3815	20.1303	4	34.0956	42.408	4	42.9801	20.3385	4	51.1185	20.6893	4	58.9607	20.6134	4	59.5684	30.1158	4	67.0519	20.968	4	75.6349	20.6954
5184	3	4	3.44932	74.8322	22.6882	4	10.4677	21.2724	4	10.8165	33.1017	4	17.7963	20.5031	4	25.1329	19.8584	4	33.0361	20.4214	4	33.4907	36.8675	4	42.4491	20.9184	4	50.1367	20.8527	4	57.8587	20.6893	4	58.2861	32.1627	4	67.2386	21.3503	4	74.936	21.5132
5184
5184	3	4	3.48914	75.196	22.286	4	10.3406	21.1704	4	10.6601	34.9398	4	17.8166	20.8742	4	25.5421	19.753	4	33.3337	20.2216	4	33.9956	44.0724	4	43.4517	20.6445	4	51.1417	20.6538	4	58.7843	20.3881	4	59.227	28.5752	4	66.9037	21.2709	4	75.3027	21.085
5184	3	4	3.43031	74.5911	22.5522	4	10.4769	21.1885	4	10.7801	35.1629	4	17.6471	20.8353	4	25.2193	20.5651	4	33.3221	20.7464	4	33.9429	44.668	4	41.32	20.9779	4	48.9157	20.3157	4	56.8388	20.2124	4	57.7378	29.9625	4	65.488	20.9713	4	74.7052	21.4277
5184	3	4	3.46271	73.9337	22.6535	4	10.3627	21.0769	4	10.7189	37.8205	4	17.7136	20.6939	4	25.2301	20.1064	4	33.513	20.5982	4	33.9611	35.8831	4	42.6016	20.5046	4	50.1005	20.391	4	58.039	20.6203	4	58.9726	33.4695	4	66.6555	21.3863	4	74.0422	21.4666
5184	3	4	3.47224	77.4706	29.6654	4	10.3763	21.0383	4	10.7423	35.7593	4	18.0162	20.0976	4	25.3898	58.1807	4	33.26	20.2632	4	34.1264	50.6828	4	41.8398	20.1517	4	50.7093	42.7099	4	58.3673	19.7276	4	58.9802	29.37	4	67.807	20.829	4	77.876	28.2191
5184	3	4	3.46291	74.3092	21.8507	4	10.3647	20.9443	4	10.6377	32.8545	4	18.1141	20.6019	4	25.4639	20.1875	4	33.2273	20.8795	4	34.0187	47.5309	4	41.6454	21.179	4	49.6798	20.4321	4	57.5425	20.7005	4	57.985	29.5939	4	65.8644	20.3976	4	74.42	20.6941
5184


5184	4	4	4.63147	83.1718	16.7535	4	10.5496	52.9363	4	10.8965	22.0083	4	17.0044	15.198	4	23.6874	16.8545	4	30.58	34.8948	4	31.0112	21.1991	4	36.8965	14.6048	4	43.6418	14.8315	4	51.0346	29.2224	4	51.2458	27.7526	4	57.229	14.9053	4	63.5593	15.0102	4	70.4593	20.3853	4	70.6694	22.4295	4	76.8706	16.5566	4	83.2679	15.8458
5184	4	4	4.54555	83.5013	17.2525	4	10.3619	15.2758	4	10.6236	32.3958	4	16.6513	15.3217	4	22.9822	15.0985	4	29.14	14.7875	4	29.4683	31.8696	4	36.9759	14.8994	4	43.77	15.3613	4	50.1717	14.9062	4	50.4901	25.8734	4	57.0371	14.8047	4	63.9123	15.1016	4	70.4561	15.5195	4	70.7788	21.1138	4	77.0416	16.102	4	83.6059	16.3273
5184	4	4	4.65595	83.2388	17.3371	4	10.5102	14.9196	4	10.69	27.3077	4	17.5304	15.6176	4	23.6397	14.925	4	29.9761	15.2537	4	30.4888	27.9691	4	36.7799	15.0468	4	43.0987	14.7863	4	49.4865	14.8182	4	50.015	28.7709	4	56.7653	15.0739	4	62.9819	14.7307	4	69.1795	14.8124	4	69.5479	23.9193	4	76.9389	16.3361	4	83.3385	16.4402
5184	4	4	4.57809	82.6765	17.1631	4	10.3472	15.1676	4	10.5508	24.4678	4	16.5841	15.0416	4	22.9736	14.7002	4	29.4998	14.7855	4	29.9541	23.978	4	36.852	15.0755	4	43.0345	14.7331	4	49.509	15.1181	4	49.9217	26.9652	4	56.6365	15.3362	4	62.7642	14.609	4	69.3014	15.1144	4	69.5514	22.8255	4	76.3825	16.1512	4	82.7851	16.2533
5184	4	4	4.62653	83.7087	17.3128	4	10.4901	15.2992	4	10.7271	24.5744	4	16.9583	15.1538	4	23.5067	14.9411	4	29.9717	37.6693	4	30.2738	23.1351	4	36.7043	15.0552	4	43.198	15.1494	4	49.8269	28.016	4	50.174	22.8726	4	56.9704	14.8977	4	63.2319	14.742	4	70.3099	18.4612	4	70.6228	22.5424	4	77.2874	16.3228	4	83.8014	16.4112
5184
5184	4	4	4.63876	82.6027	17.8356	4	10.5456	15.1121	4	10.8376	35.8197	4	17.3141	14.9074	4	23.5656	15.0536	4	29.9559	14.8419	4	30.2457	24.0534	4	36.848	14.9507	4	43.4028	15.2954	4	50.1605	15.1854	4	50.4078	25.8575	4	56.3254	15.0572	4	62.7223	14.8155	4	69.2768	15.0459	4	69.7499	22.5545	4	76.1855	15.7408	4	82.6954	16.9449
5184	4	4	4.60751	82.7998	17.3817	4	10.4093	15.2082	4	10.6447	26.0495	4	16.6601	14.9263	4	23.2779	14.9072	4	29.5458	14.7735	4	29.9188	32.5801	4	36.889	15.0644	4	43.2715	14.9289	4	49.5525	15.1436	4	49.9954	21.7244	4	56.572	14.8226	4	63.7409	15.2093	4	70.0758	15.4184	4	70.4833	21.7164	4	76.3416	16.1022	4	82.8975	16.466
5184	4	4	4.58197	83.6792	17.74	4	10.4223	15.6085	4	10.7827	26.3802	4	16.9544	15.1493	4	23.314	14.705	4	29.8658	15.3563	4	30.1719	29.2617	4	37.4923	14.9683	4	43.8017	15.2484	4	50.1161	15.181	4	50.3981	28.345	4	56.5891	14.9984	4	63.0488	15.3079	4	69.3554	15.0734	4	69.7607	23.7112	4	77.5232	16.3336	4	83.7858	16.8284
5184	4	4	4.63795	82.768	30.4534	4	10.5704	15.5271	4	10.7945	22.884	4	16.883	15.1139	4	22.9025	14.7341	4	29.465	14.7639	4	29.8841	28.6043	4	37.1244	15.3086	4	43.5628	15.702	4	49.6191	14.9952	4	49.8872	37.113	4	56.243	15.0259	4	62.7865	48.292	4	69.225	15.3324	4	69.5228	23.8923	4	75.9989	15.7707	4	82.8912	28.5469
5184	4	4	4.56807	82.64	16.5555	4	10.4452	14.9669	4	10.6944	26.0615	4	17.4137	15.2553	4	23.582	15.0481	4	29.9171	15.7621	4	30.2158	32.2371	4	36.7564	15.1686	4	42.8711	14.8438	4	49.5021	14.9639	4	49.8241	32.6725	4	56.3427	15.2585	4	62.6576	14.6778	4	69.4558	15.3293	4	69.7379	23.8802	4	76.5092	15.8018	4	82.7389	15.6921
5184


1440	2	2	1.14338	2.95735	2.32087	4	1.79976	1.28297	4	1.78356	2.45139	4	2.3469	2.81267	4	2.98661	1.28459
1440	2	2	1.20182	3.12727	1.57018	4	1.8185	2.51416	4	1.78233	2.71746	4	2.50527	1.2792	4	3.14829	1.28483
1440	2	2	1.17738	3.17241	1.57492	4	1.82369	1.31104	4	1.80933	2.56018	4	2.58423	1.27589	4	3.20344	1.28491
1440	2	2	1.13159	3.11836	1.93263	4	1.75682	1.55174	4	1.74347	2.18914	4	2.39521	2.50891	4	3.15736	1.28799
1440	2	2	1.14791	3.03457	1.57337	4	1.7353	1.29493	4	1.72189	1.97147	4	2.4462	1.28562	4	3.05986	1.28417
1440
1440	2	2	1.1777	3.15744	1.60474	4	1.79339	1.28502	4	1.79139	2.77469	4	2.58809	1.28802	4	3.20794	1.28864
1440	2	2	1.18889	3.3567	1.61084	4	1.82778	1.29192	4	1.82476	1.81198	4	2.69199	1.28471	4	3.39719	1.29365
1440	2	2	1.19202	3.15429	1.8526	4	1.81082	1.28494	4	1.79383	1.99839	4	2.51643	2.36504	4	3.18041	1.28487
1440	2	2	1.13969	3.08302	1.58494	4	1.74375	1.29311	4	1.72956	2.20574	4	2.35196	1.28774	4	3.11643	1.28954
1440	2	2	1.14431	3.32186	1.58131	4	1.7909	1.28325	4	1.7771	1.94586	4	2.73937	1.28921	4	3.3474	1.28906
1440


4320	2	4	2.31281	43.6596	19.2689	4	8.41567	18.1191	4	8.66533	37.7034	4	14.9229	17.813	4	21.3158	17.2932	4	28.5118	17.918	4	28.9189	26.3657	4	36.6957	18.2296	4	43.7507	18.0599
4320	2	4	2.30083	43.025	19.2007	4	8.36442	18.2752	4	8.67571	32.3898	4	15.0655	17.9681	4	21.4694	17.9174	4	28.426	17.9941	4	28.7366	26.192	4	35.2547	17.9044	4	43.1251	18.0003
4320	2	4	2.34865	43.1065	19.2193	4	8.35104	18.2397	4	8.59631	27.8571	4	14.601	17.5552	4	21.2784	17.2204	4	28.1755	17.7208	4	28.8336	28.067	4	36.5927	17.8989	4	43.2028	18.0197
4320	2	4	2.31988	45.3799	18.7323	4	8.42177	18.3013	4	8.70048	28.5454	4	15.2915	17.8205	4	22.2029	17.0822	4	29.3201	17.4013	4	29.7488	25.773	4	38.7211	17.8717	4	45.4932	17.5132
4320	2	4	2.3281	45.3468	19.3057	4	8.50446	18.2511	4	8.71309	27.4112	4	15.2686	17.4972	4	22.2121	17.1688	4	29.476	17.2831	4	29.8594	24.1367	4	38.3029	17.8944	4	45.445	18.124
4320
4320	2	4	2.31605	43.3088	18.7428	4	8.42554	18.2648	4	8.67867	32.9107	4	14.9307	17.8554	4	21.4473	17.7136	4	28.3008	17.5797	4	29.1813	26.9174	4	35.857	17.8676	4	43.4015	17.5447
4320	2	4	2.301	43.0108	18.8679	4	8.35348	18.1138	4	8.66722	38.0221	4	14.9652	18.5546	4	21.5557	17.6516	4	28.4605	18.0483	4	28.8534	25.1371	4	36.2811	17.8459	4	43.1172	17.6789
4320	2	4	2.31709	42.3828	36.9326	4	8.4281	18.0503	4	8.67953	31.4324	4	15.154	17.868	4	21.8037	17.7554	4	28.6937	18.1141	4	29.0946	48.7272	4	35.6652	32.2451	4	42.4777	18.6824
4320	2	4	2.30688	43.5989	19.1625	4	8.49479	18.0919	4	8.79237	35.1488	4	15.0117	17.5971	4	21.8899	17.7111	4	28.8421	17.6374	4	29.3204	26.1303	4	36.1988	17.7107	4	43.6913	17.9828
4320	2	4	2.36018	43.3125	19.143	4	8.45237	17.968	4	8.73043	26.7428	4	15.47	17.791	4	22.1781	17.704	4	29.13	17.9822	4	29.5641	27.0759	4	36.5769	17.887	4	43.4122	17.9955
4320


1620	1	1	0.0744121	0.11486	7.35308	4	0.154988	7.1852
1620	1	1	0.0715642	0.115917	7.33246	4	0.157304	7.16286
1620	1	1	0.0764658	0.102732	7.30053	4	0.143384	7.13552
1620	1	1	0.0752668	0.12087	7.37198	4	0.16054	7.20115
1620	1	1	0.07373	0.121657	7.29813	4	0.15531	7.13542


