1728	3	4	3.49279	7.63426	1.23917	4	3.96802	0.74138	4	3.94369	1.57841	4	4.40819	0.736013	4	4.87028	0.746896	4	5.30826	0.743549	4	5.29167	1.39093	4	5.74193	0.74058	4	6.1976	0.752804	4	6.66764	0.747595	4	6.63393	1.08522	4	7.21826	0.745061	4	7.67713	0.955679
1728	3	4	3.44634	7.57981	1.18562	4	3.84334	0.744516	4	3.81607	1.33394	4	4.39447	0.738699	4	4.87066	0.73579	4	5.32136	0.742115	4	5.31122	1.28526	4	5.75676	0.742843	4	6.26198	0.745383	4	6.71442	0.743294	4	6.68203	1.61089	4	7.14549	0.737718	4	7.60843	0.970477
1728	3	4	3.41944	7.81741	1.24341	4	3.89378	0.741064	4	3.92776	1.19936	4	4.5839	0.744134	4	4.99143	0.748935	4	5.46036	0.74733	4	5.43293	1.08989	4	6.01714	0.741729	4	6.49793	0.740074	4	6.94667	0.746938	4	6.97037	1.35826	4	7.37919	0.748049	4	7.83825	0.8321
1728	3	4	3.44674	7.82036	1.216	4	3.92364	0.738607	4	3.87596	1.35742	4	4.50097	0.742608	4	4.94719	0.743147	4	5.39556	0.749303	4	5.41306	1.51368	4	5.82286	0.745967	4	6.29443	0.740771	4	6.7309	0.741205	4	6.69942	1.11821	4	7.41977	0.740613	4	7.84265	0.875422
1728	3	4	3.42147	7.71657	1.17957	4	3.90869	0.744724	4	3.86631	1.60535	4	4.50592	0.743732	4	4.97113	0.747809	4	5.39434	0.742015	4	5.4552	1.2165	4	5.984	0.738149	4	6.41773	0.747227	4	6.86847	0.748234	4	6.84949	1.36529	4	7.30505	0.738764	4	7.74154	0.913504
1728
1728	3	4	3.45796	7.87921	1.23291	4	3.94007	0.743835	4	3.90594	1.09508	4	4.55405	0.736768	4	5.01315	0.74085	4	5.48633	0.743376	4	5.4643	1.35532	4	5.9034	0.735531	4	6.34896	0.740514	4	6.79677	0.739445	4	6.77792	1.08697	4	7.42079	0.738985	4	7.90427	0.938832
1728	3	4	3.44659	7.72944	1.17566	4	3.92086	0.746208	4	3.89153	1.39592	4	4.44965	0.750241	4	4.90528	0.748531	4	5.3633	0.741067	4	5.33901	1.36512	4	5.9351	0.739906	4	6.41472	0.743513	4	6.86644	0.747667	4	6.83419	1.35797	4	7.29205	0.735023	4	7.75389	0.94227
1728	3	4	3.4429	7.7076	1.22902	4	3.91353	0.742718	4	3.88429	1.07542	4	4.37375	0.747103	4	4.87872	0.73931	4	5.33969	0.734097	4	5.30974	1.06921	4	5.90278	0.739738	4	6.35332	0.741552	4	6.82684	0.743822	4	6.79877	1.61464	4	7.30243	0.735287	4	7.7325	0.907423
1728	3	4	3.39421	7.83338	1.19991	4	3.8356	0.744841	4	3.80786	1.75306	4	4.29586	0.743511	4	4.72653	0.757701	4	5.22966	0.744998	4	5.21809	1.12043	4	5.79316	0.741262	4	6.27277	0.737184	4	6.72236	0.748091	4	6.6939	1.44074	4	7.4157	0.735278	4	7.86072	0.942899
1728	3	4	3.43415	7.87298	1.21817	4	3.87013	0.739408	4	3.86616	1.16576	4	4.39318	0.746421	4	4.85822	0.743381	4	5.30324	0.737455	4	5.27114	1.4202	4	5.76421	0.740943	4	6.21835	0.743768	4	6.66551	0.736452	4	6.68383	1.15014	4	7.42426	0.740519	4	7.89771	0.898448
1728
