960	2	4	2.26908	2.01894	0.38396	4	2.25969	0.226053	4	2.20308	0.650165	4	2.23534	0.222302	4	2.17913	0.223512	4	2.14521	0.220381	4	2.09022	0.403887	4	2.05639	0.228636	4	2.04123	0.269773
960	2	4	2.27504	2.11073	0.384769	4	2.26591	0.223461	4	2.21872	1.0322	4	2.21983	0.228709	4	2.18573	0.219883	4	2.15609	0.221782	4	2.11735	0.343258	4	2.14522	0.225461	4	2.12671	0.269578
960	2	4	2.25383	2.06426	0.392661	4	2.24879	0.396324	4	2.20641	0.506673	4	2.20617	0.217628	4	2.17713	0.215408	4	2.16702	0.218264	4	2.12035	0.500153	4	2.12028	0.22294	4	2.08754	0.277137
960	2	4	2.34174	2.1649	0.383473	4	2.27713	0.221129	4	2.2296	0.340076	4	2.2199	0.227679	4	2.1984	0.213252	4	2.16241	0.225479	4	2.11266	0.292815	4	2.19295	0.218361	4	2.18727	0.267358
960	2	4	2.27865	2.11135	0.40501	4	2.27308	0.225874	4	2.23111	0.341344	4	2.263	0.226787	4	2.23502	0.230991	4	2.2173	0.218037	4	2.16931	0.420444	4	2.15162	0.218646	4	2.12719	0.273941
960
960	2	4	2.31258	2.06011	0.401528	4	2.2947	0.224356	4	2.23521	0.360586	4	2.22846	0.220588	4	2.19707	0.215857	4	2.18047	0.223805	4	2.12431	0.283493	4	2.10531	0.221244	4	2.07901	0.261645
960	2	4	2.31461	2.28965	0.378481	4	2.31387	0.22944	4	2.2645	0.362452	4	2.26963	0.224192	4	2.25511	0.219695	4	2.23564	0.220975	4	2.2051	0.630806	4	2.3294	0.218939	4	2.30581	0.279919
960	2	4	2.27416	2.02347	0.374342	4	2.24511	0.225132	4	2.20225	0.386368	4	2.18242	0.221345	4	2.16399	0.218308	4	2.15333	0.226506	4	2.10594	0.395247	4	2.08286	0.221542	4	2.04329	0.282768
960	2	4	2.26389	2.0242	0.38191	4	2.25337	0.225963	4	2.23411	0.357081	4	2.18004	0.219682	4	2.13818	0.228797	4	2.0877	0.234058	4	2.04329	0.288682	4	2.09184	0.220889	4	2.04105	0.28375
960	2	4	2.30137	2.06488	0.508805	4	2.29413	0.221861	4	2.24552	0.402684	4	2.22521	0.225653	4	2.16378	0.225244	4	2.15495	0.223818	4	2.1015	0.359961	4	2.10304	0.217442	4	2.29605	0.218184
960
