4320	2	2	1.13973	26.8763	36.4443	4	9.42705	34.1276	4	9.78127	45.0871	4	18.2697	35.1052	4	27.0317	34.1044
4320	2	2	1.16789	27.0332	36.4162	4	9.39029	34.1166	4	9.75348	44.8802	4	18.5673	34.7928	4	27.1632	34.0794
4320	2	2	1.17017	27.0086	36.9609	4	9.32663	34.3193	4	9.62748	43.8359	4	18.2957	34.2295	4	27.1391	34.647
4320	2	2	1.17374	26.9866	61.7716	4	9.491	34.0255	4	9.84195	42.9971	4	18.2754	66.6848	4	27.1137	34.087
4320	2	2	1.17341	27.3908	36.3808	4	9.43229	34.6319	4	9.77813	46.9012	4	18.0229	34.0097	4	27.5139	34.0724
4320
4320	2	2	1.16941	27.4874	37.2177	4	9.41194	34.7494	4	9.86424	46.8577	4	18.6866	34.0878	4	27.9463	34.6016
4320	2	2	1.15874	27.4689	67.8715	4	9.45211	34.2734	4	9.92596	46.6748	4	18.6511	72.9637	4	27.6233	34.5705
4320	2	2	1.16053	28.4766	36.5651	4	9.58282	34.5476	4	9.92757	44.0963	4	19.329	34.0688	4	28.6043	34.2543
4320	2	2	1.17833	27.8006	37.1374	4	9.5091	33.8865	4	9.86462	44.5294	4	18.9784	34.1767	4	27.9358	34.8152
4320	2	2	1.19949	27.3846	36.8489	4	9.47788	34.2972	4	9.80342	44.8109	4	18.6918	34.7809	4	27.5214	34.4806
4320
