1728	2	2	1.15284	4.56705	2.61215	4	2.17764	2.21139	4	2.18046	3.67026	4	3.42648	2.19406	4	4.60211	2.20855
1728	2	2	1.16992	4.59157	2.60913	4	2.22311	2.20488	4	2.22836	4.08097	4	3.47682	2.18921	4	4.62592	2.20278
1728	2	2	1.17894	4.31363	2.60587	4	2.20792	2.20128	4	2.21181	3.89349	4	3.25669	2.18884	4	4.34416	2.20288
1728	2	2	1.18698	4.3323	2.58403	4	2.21441	2.2006	4	2.198	4.45002	4	3.21101	2.19409	4	4.3607	2.19636
1728	2	2	1.17812	4.69333	2.61243	4	2.23077	2.20283	4	2.23536	3.57353	4	3.54868	2.20344	4	4.73122	2.19787
1728
1728	2	2	1.14713	4.57216	2.65607	4	2.23094	2.20023	4	2.23	4.28665	4	3.5034	2.20871	4	4.63075	2.21021
1728	2	2	1.17608	4.60418	2.61269	4	2.20161	2.19815	4	2.22667	3.59626	4	3.37327	2.19506	4	4.64125	2.20128
1728	2	2	1.13786	4.55763	2.60786	4	2.16079	2.20043	4	2.16458	3.21684	4	3.39716	2.20723	4	4.59808	2.19386
1728	2	2	1.13172	4.33517	2.61313	4	2.13621	2.20015	4	2.16445	3.76694	4	3.21143	2.20315	4	4.37425	2.20557
1728	2	2	1.23074	4.41337	2.72581	4	2.27755	2.2107	4	2.24511	4.8959	4	3.34125	2.2025	4	4.44341	2.19079
1728
