1728	2	1	0.454633	2.18061	5.12098	4	2.19031	4.36447	4	2.21461	4.52183
1728	2	1	0.439238	2.14878	5.12988	4	2.15709	4.36224	4	2.18685	4.41889
1728	2	1	0.439559	2.15442	5.15668	4	2.16919	4.35736	4	2.19437	4.33301
1728	2	1	0.448219	2.12293	5.08422	4	2.1416	4.33384	4	2.16159	4.34874
1728	2	1	0.449675	2.11389	10.4784	4	2.14532	9.65813	4	2.16924	9.70439
1728
1728	2	1	0.441944	2.1798	5.20196	4	2.22171	4.36332	4	2.28155	4.58215
1728	2	1	0.553837	2.1254	5.08748	4	2.25035	4.393	4	2.1652	4.75153
1728	2	1	0.438278	2.13076	5.15379	4	2.15575	4.36724	4	2.18594	4.35306
1728	2	1	0.471005	2.12563	5.12603	4	2.14641	4.34247	4	2.16429	4.34333
1728	2	1	0.445391	2.14044	5.10465	4	2.14478	4.35961	4	2.17922	4.4031
1728
