960	2	2	1.15749	1.30643	0.553259	4	1.21885	0.393628	4	1.17813	0.720894	4	1.26832	0.398697	4	1.33963	0.402275
960	2	2	1.17612	1.31948	0.542957	4	1.2517	0.401815	4	1.20625	0.730188	4	1.25943	0.392693	4	1.33705	0.403323
960	2	2	1.15671	1.32404	0.543921	4	1.24913	0.395577	4	1.19153	0.869176	4	1.27659	0.392049	4	1.34847	0.401158
960	2	2	1.14844	1.32028	0.550663	4	1.22067	0.396693	4	1.18485	0.790717	4	1.26762	0.401638	4	1.3402	0.401469
960	2	2	1.15809	1.4016	0.538282	4	1.24611	0.40625	4	1.20398	0.678244	4	1.3633	0.396645	4	1.43069	0.394646
960
960	2	2	1.17083	1.39495	0.556726	4	1.27214	0.395288	4	1.22213	0.560186	4	1.35751	0.403891	4	1.42138	0.397518
960	2	2	1.21831	1.31365	0.540387	4	1.25869	0.401843	4	1.217	0.81846	4	1.30756	0.397452	4	1.33847	0.396313
960	2	2	1.16133	1.46328	0.548601	4	1.25929	0.395768	4	1.21931	0.646665	4	1.40672	0.401859	4	1.48606	0.404768
960	2	2	1.17375	1.31222	0.543149	4	1.27193	0.394667	4	1.19051	0.806195	4	1.24047	0.394566	4	1.33236	0.393402
960	2	2	1.12677	1.34018	0.540447	4	1.20146	0.396004	4	1.17963	0.722123	4	1.27062	0.397935	4	1.35793	0.404714
960
