5184	4	4	4.63147	83.1718	16.7535	4	10.5496	52.9363	4	10.8965	22.0083	4	17.0044	15.198	4	23.6874	16.8545	4	30.58	34.8948	4	31.0112	21.1991	4	36.8965	14.6048	4	43.6418	14.8315	4	51.0346	29.2224	4	51.2458	27.7526	4	57.229	14.9053	4	63.5593	15.0102	4	70.4593	20.3853	4	70.6694	22.4295	4	76.8706	16.5566	4	83.2679	15.8458
5184	4	4	4.54555	83.5013	17.2525	4	10.3619	15.2758	4	10.6236	32.3958	4	16.6513	15.3217	4	22.9822	15.0985	4	29.14	14.7875	4	29.4683	31.8696	4	36.9759	14.8994	4	43.77	15.3613	4	50.1717	14.9062	4	50.4901	25.8734	4	57.0371	14.8047	4	63.9123	15.1016	4	70.4561	15.5195	4	70.7788	21.1138	4	77.0416	16.102	4	83.6059	16.3273
5184	4	4	4.65595	83.2388	17.3371	4	10.5102	14.9196	4	10.69	27.3077	4	17.5304	15.6176	4	23.6397	14.925	4	29.9761	15.2537	4	30.4888	27.9691	4	36.7799	15.0468	4	43.0987	14.7863	4	49.4865	14.8182	4	50.015	28.7709	4	56.7653	15.0739	4	62.9819	14.7307	4	69.1795	14.8124	4	69.5479	23.9193	4	76.9389	16.3361	4	83.3385	16.4402
5184	4	4	4.57809	82.6765	17.1631	4	10.3472	15.1676	4	10.5508	24.4678	4	16.5841	15.0416	4	22.9736	14.7002	4	29.4998	14.7855	4	29.9541	23.978	4	36.852	15.0755	4	43.0345	14.7331	4	49.509	15.1181	4	49.9217	26.9652	4	56.6365	15.3362	4	62.7642	14.609	4	69.3014	15.1144	4	69.5514	22.8255	4	76.3825	16.1512	4	82.7851	16.2533
5184	4	4	4.62653	83.7087	17.3128	4	10.4901	15.2992	4	10.7271	24.5744	4	16.9583	15.1538	4	23.5067	14.9411	4	29.9717	37.6693	4	30.2738	23.1351	4	36.7043	15.0552	4	43.198	15.1494	4	49.8269	28.016	4	50.174	22.8726	4	56.9704	14.8977	4	63.2319	14.742	4	70.3099	18.4612	4	70.6228	22.5424	4	77.2874	16.3228	4	83.8014	16.4112
5184
5184	4	4	4.63876	82.6027	17.8356	4	10.5456	15.1121	4	10.8376	35.8197	4	17.3141	14.9074	4	23.5656	15.0536	4	29.9559	14.8419	4	30.2457	24.0534	4	36.848	14.9507	4	43.4028	15.2954	4	50.1605	15.1854	4	50.4078	25.8575	4	56.3254	15.0572	4	62.7223	14.8155	4	69.2768	15.0459	4	69.7499	22.5545	4	76.1855	15.7408	4	82.6954	16.9449
5184	4	4	4.60751	82.7998	17.3817	4	10.4093	15.2082	4	10.6447	26.0495	4	16.6601	14.9263	4	23.2779	14.9072	4	29.5458	14.7735	4	29.9188	32.5801	4	36.889	15.0644	4	43.2715	14.9289	4	49.5525	15.1436	4	49.9954	21.7244	4	56.572	14.8226	4	63.7409	15.2093	4	70.0758	15.4184	4	70.4833	21.7164	4	76.3416	16.1022	4	82.8975	16.466
5184	4	4	4.58197	83.6792	17.74	4	10.4223	15.6085	4	10.7827	26.3802	4	16.9544	15.1493	4	23.314	14.705	4	29.8658	15.3563	4	30.1719	29.2617	4	37.4923	14.9683	4	43.8017	15.2484	4	50.1161	15.181	4	50.3981	28.345	4	56.5891	14.9984	4	63.0488	15.3079	4	69.3554	15.0734	4	69.7607	23.7112	4	77.5232	16.3336	4	83.7858	16.8284
5184	4	4	4.63795	82.768	30.4534	4	10.5704	15.5271	4	10.7945	22.884	4	16.883	15.1139	4	22.9025	14.7341	4	29.465	14.7639	4	29.8841	28.6043	4	37.1244	15.3086	4	43.5628	15.702	4	49.6191	14.9952	4	49.8872	37.113	4	56.243	15.0259	4	62.7865	48.292	4	69.225	15.3324	4	69.5228	23.8923	4	75.9989	15.7707	4	82.8912	28.5469
5184	4	4	4.56807	82.64	16.5555	4	10.4452	14.9669	4	10.6944	26.0615	4	17.4137	15.2553	4	23.582	15.0481	4	29.9171	15.7621	4	30.2158	32.2371	4	36.7564	15.1686	4	42.8711	14.8438	4	49.5021	14.9639	4	49.8241	32.6725	4	56.3427	15.2585	4	62.6576	14.6778	4	69.4558	15.3293	4	69.7379	23.8802	4	76.5092	15.8018	4	82.7389	15.6921
5184
