1440	2	1	0.434426	1.50741	3.06714	4	1.54342	2.53721	4	1.53593	2.57101
1440	2	1	0.45039	1.54556	3.12318	4	1.57911	2.54755	4	1.57583	2.60183
1440	2	1	0.445463	1.54801	3.07235	4	1.58179	2.54108	4	1.5791	2.65334
1440	2	1	0.453294	1.46143	3.10227	4	1.50117	2.53428	4	1.49311	2.54975
1440	2	1	0.430266	1.49221	3.08298	4	1.52769	2.54278	4	1.5191	2.53621
1440
1440	2	1	0.436178	1.61434	3.12689	4	1.61981	2.54876	4	1.71749	2.62383
1440	2	1	0.440625	1.52849	3.06367	4	1.56217	2.5333	4	1.56637	2.69166
1440	2	1	0.480234	1.52288	3.13224	4	1.55454	2.57882	4	1.55224	2.5375
1440	2	1	0.442799	1.51555	6.0034	4	1.55929	2.5396	4	1.55496	5.89044
1440	2	1	0.439416	1.53742	3.09426	4	1.55426	2.51159	4	1.57554	2.56888
1440
