4320	3	4	3.47671	50.322	13.3658	4	8.22898	11.4117	4	8.39599	17.0919	4	13.6547	11.3764	4	19.0907	11.3809	4	24.1341	30.0008	4	24.3148	19.0977	4	29.4557	11.7327	4	34.3347	11.384	4	39.449	18.9608	4	39.7411	18.5589	4	45.3478	12.5891	4	50.4046	12.5273
4320	3	4	3.46474	50.7186	13.3011	4	8.13942	31.2945	4	8.28744	18.4595	4	13.3306	11.3459	4	18.6215	11.8667	4	24.0566	21.8027	4	24.2577	17.7441	4	29.6996	11.3371	4	34.8098	11.3038	4	40.6458	13.9575	4	40.828	19.0651	4	45.5532	12.5471	4	50.7924	12.4833
4320	3	4	3.46591	50.431	16.2378	4	8.16124	11.3443	4	8.39829	19.2663	4	13.7754	11.7242	4	18.6574	11.3573	4	23.5373	11.3753	4	23.7605	18.6316	4	29.3057	11.469	4	34.5055	11.7608	4	39.5376	25.6859	4	39.8056	20.023	4	45.4589	11.9775	4	50.5124	12.7456
4320	3	4	3.44565	50.2811	13.4811	4	8.14538	11.744	4	8.32124	18.2708	4	14.0847	11.5289	4	19.3432	11.3667	4	24.3035	11.5672	4	24.5186	24.6982	4	29.6151	11.632	4	34.7632	11.3251	4	39.5621	11.4116	4	39.7599	20.3021	4	45.4906	12.4883	4	50.3557	12.6805
4320	3	4	3.44455	50.6136	13.6067	4	8.15016	38.8908	4	8.29748	15.7582	4	13.2575	11.4296	4	18.5475	11.6526	4	24.0643	26.0576	4	24.1951	21.0496	4	29.0472	11.3597	4	34.1106	11.3854	4	40.1997	17.762	4	40.2624	18.8802	4	45.6841	12.1989	4	50.6913	12.7811
4320
4320	3	4	3.49808	50.92	13.1446	4	8.20828	29.2035	4	8.3909	20.362	4	13.3118	11.3552	4	18.3659	11.4376	4	24.1313	19.6041	4	24.4389	18.6122	4	29.7481	11.4407	4	34.8315	11.3756	4	40.5384	12.8558	4	40.7166	16.1198	4	46.0206	12.5521	4	51.0011	12.3265
4320	3	4	3.42241	49.2832	13.3109	4	8.14033	11.2963	4	8.34511	18.8683	4	13.577	11.5481	4	18.7262	11.6258	4	23.7115	11.5421	4	23.9576	21.4	4	29.3224	11.55	4	34.1463	11.7622	4	39.007	11.7337	4	39.2512	20.8722	4	44.4896	12.0128	4	49.3589	12.4999
4320	3	4	3.42919	50.1246	31.0993	4	8.16311	11.7693	4	8.37809	22.9274	4	13.0511	11.8731	4	17.9444	38.5207	4	22.995	11.2851	4	23.2432	17.5793	4	28.6482	11.3812	4	34.4824	25.816	4	39.4689	11.3273	4	39.7299	18.4479	4	44.6028	12.1794	4	50.4357	30.0501
4320	3	4	3.44605	50.1714	23.0198	4	8.10088	11.8846	4	8.27598	20.3149	4	12.8702	11.6222	4	17.8424	11.3738	4	22.9484	11.3865	4	23.2449	25.4185	4	29.2202	11.4174	4	34.2506	37.0959	4	39.0852	11.3943	4	39.3602	19.2024	4	44.0374	12.4626	4	50.2601	21.5596
4320	3	4	3.4868	49.9956	17.0473	4	8.19919	11.8812	4	8.41571	23.6466	4	13.1987	11.7943	4	18.0391	11.5458	4	23.1907	11.3842	4	23.395	19.6772	4	29.608	11.4399	4	34.7936	11.5561	4	39.8982	25.7332	4	40.1277	19.0075	4	44.9868	12.1021	4	50.0669	12.7346
4320
