5184	2	2	1.16695	39.0201	62.916	4	13.3187	59.0405	4	13.7704	74.4308	4	26.331	58.9082	4	39.3589	59.3953
5184	2	2	1.13478	37.5829	127.274	4	13.1788	59.5065	4	13.7674	145.301	4	25.2099	108.585	4	37.7483	59.0266
5184	2	2	1.15893	38.2484	62.2933	4	13.1346	63.4197	4	13.5672	72.6516	4	25.6015	58.77	4	38.4234	59.0046
5184	2	2	1.18377	38.4387	63.7262	4	13.1514	60.1021	4	13.6995	73.9879	4	25.8073	58.7831	4	38.6074	60.3777
5184	2	2	1.13922	38.4689	62.0539	4	13.0942	59.6879	4	13.6426	74.1811	4	25.8786	59.8157	4	38.6548	58.73
5184
5184	2	2	1.1656	38.6481	62.304	4	13.0633	58.9116	4	13.7783	72.0465	4	26.0333	59.0977	4	38.8317	58.9554
5184	2	2	1.15822	37.7453	62.17	4	13.0507	59.3805	4	13.5423	71.6425	4	25.3986	58.7068	4	37.9287	58.8801
5184	2	2	1.19293	38.5522	62.9691	4	13.2778	59.7539	4	13.8429	74.1029	4	25.936	58.896	4	38.7219	59.6475
5184	2	2	1.15794	39.2309	62.7217	4	13.1219	58.9772	4	13.5752	73.9378	4	26.1265	58.88	4	39.3999	59.4337
5184	2	2	1.16247	40.7408	62.5062	4	13.0299	59.2986	4	13.652	69.0892	4	27.7338	58.693	4	40.9156	59.1247
5184
