4320	2	1	0.440401	13.3225	73.6967	4	13.0288	69.1914	4	13.5063	68.0339
4320	2	1	0.449912	13.3883	72.6797	4	13.0395	68.379	4	13.5823	68.6077
4320	2	1	0.456796	12.999	73.0393	4	12.6884	68.2583	4	13.1954	69.0528
4320	2	1	0.436822	13.2608	73.4794	4	12.9962	69.0285	4	13.446	69.3676
4320	2	1	0.439662	13.3602	72.8579	4	13.0421	68.2081	4	13.5452	69.7024
4320
4320	2	1	0.44414	15.2199	73.0733	4	14.2133	68.5356	4	16.0828	69.3328
4320	2	1	0.507285	13.3387	73.6741	4	13.1067	69.3585	4	13.5289	68.2858
4320	2	1	0.448829	13.4124	73.9307	4	13.0715	69.5678	4	13.604	67.7788
4320	2	1	0.4554	13.3268	73.9525	4	13.0199	69.4647	4	13.5178	68.32
4320	2	1	0.479609	13.3437	73.892	4	13.0902	69.5313	4	13.5352	68.2807
4320
