1728	4	4	4.54446	8.71972	1.30851	4	4.9044	0.570876	4	4.86644	0.963597	4	5.3719	0.567947	4	5.71012	0.56934	4	6.01595	0.571063	4	5.99533	1.03357	4	6.38257	0.564421	4	6.72121	1.07176	4	7.05345	0.564567	4	7.05961	1.01726	4	7.38045	0.559603	4	7.72316	0.568403	4	8.0654	0.564882	4	8.04125	0.810951	4	8.42701	0.562658	4	8.74246	0.661797
1728	4	4	4.54124	8.56084	1.27748	4	4.88779	0.563261	4	4.92027	2.742	4	5.17671	0.568542	4	5.52905	0.568542	4	5.87188	0.573698	4	5.83939	1.23171	4	6.18293	0.568994	4	6.53209	0.574692	4	6.86278	0.569292	4	6.84029	0.773791	4	7.22683	0.562271	4	7.57424	0.568408	4	7.89225	0.57448	4	7.86072	1.48991	4	8.25142	1.31443	4	8.58692	0.670656
1728	4	4	4.61895	9.01875	1.29783	4	4.97753	0.566145	4	4.95535	0.932696	4	5.34189	0.571923	4	5.67794	0.580174	4	6.04458	0.574453	4	6.05894	0.979159	4	6.37671	0.561506	4	6.73099	1.23721	4	7.05166	0.567258	4	7.05043	1.0977	4	7.47923	0.567029	4	7.81276	0.571854	4	8.14038	0.568883	4	8.11998	0.838468	4	8.69609	0.572446	4	9.04017	0.637805
1728	4	4	4.51998	8.67028	1.34726	4	4.89917	0.578053	4	4.86662	0.765236	4	5.2794	0.570781	4	5.61643	0.571224	4	5.98727	0.563954	4	5.97588	0.943168	4	6.40699	0.56131	4	6.72009	1.04348	4	7.04629	0.565802	4	7.00548	1.28009	4	7.36395	0.566662	4	7.7109	0.563077	4	8.04087	0.571529	4	7.99862	1.10459	4	8.33625	0.568848	4	8.69942	0.68229
1728	4	4	4.60462	8.64931	1.25553	4	4.9313	0.56704	4	4.89862	2.35329	4	5.24116	0.563555	4	5.57419	0.573107	4	5.91388	0.572653	4	5.88508	2.09182	4	6.27364	0.562093	4	6.60974	0.567192	4	6.94735	0.571867	4	6.90796	1.04344	4	7.26361	0.567761	4	7.59903	0.568044	4	7.87146	1.04689	4	7.85955	1.01377	4	8.33826	0.563664	4	8.68779	0.638949
1728
1728	4	4	4.55943	8.51787	1.23947	4	4.88963	0.569625	4	4.86898	0.837577	4	5.213	0.576285	4	5.55924	0.565992	4	5.8905	0.566745	4	5.86341	1.89971	4	6.18758	0.566104	4	6.54643	0.577302	4	6.884	0.568818	4	6.85428	1.06185	4	7.21695	0.570704	4	7.56721	0.570702	4	7.89772	0.564151	4	7.8879	1.25218	4	8.21343	0.569844	4	8.53998	0.69879
1728	4	4	4.57957	8.83958	1.28592	4	4.9347	0.570609	4	4.90602	0.796929	4	5.39571	0.561822	4	5.73312	0.575041	4	6.09911	0.571262	4	6.07725	1.12659	4	6.41602	0.566127	4	6.78648	0.562783	4	7.11537	0.568319	4	7.08923	1.06747	4	7.42554	0.56783	4	7.77903	0.569889	4	8.08661	0.571356	4	8.04981	0.781299	4	8.55052	0.576407	4	8.86288	0.679706
1728	4	4	4.56425	8.89403	1.46253	4	4.93212	0.567764	4	4.89819	2.32445	4	5.30704	0.568251	4	5.64355	0.569061	4	6.00131	0.57041	4	5.97942	1.06523	4	6.34415	0.567722	4	6.70197	0.566048	4	7.02609	0.574616	4	6.99351	0.87355	4	7.50304	0.565614	4	7.82048	0.570185	4	8.16436	0.576022	4	8.12927	0.857951	4	8.59649	0.571741	4	8.91747	1.32236
1728	4	4	4.57732	8.74668	1.29806	4	4.93219	0.567496	4	4.90336	1.01209	4	5.34784	0.572314	4	5.68838	0.567065	4	6.02958	0.566309	4	6.00665	0.891121	4	6.36859	0.56811	4	6.70559	0.563026	4	7.06181	0.571447	4	7.03705	1.07146	4	7.41181	0.569218	4	7.74059	0.573512	4	8.09574	0.566161	4	8.08675	1.63099	4	8.43781	0.573809	4	8.76975	0.662743
1728	4	4	4.60059	8.989	1.42705	4	4.95016	0.573417	4	4.93212	1.02602	4	5.64618	0.572452	4	5.76045	0.566507	4	6.0778	0.572405	4	6.03961	1.12245	4	6.38989	0.567183	4	6.74123	0.565317	4	7.0912	0.564569	4	7.06143	0.916977	4	7.55997	0.567648	4	7.86827	0.566071	4	8.20595	0.569931	4	8.18157	2.71557	4	8.66044	0.566854	4	9.01053	0.674696
1728
