1728	2	4	2.29052	6.59109	1.47925	4	2.96055	2.09386	4	2.94915	1.66175	4	3.8259	1.09089	4	4.54207	1.08162	4	5.24571	1.09403	4	5.22317	2.11071	4	5.94176	1.08068	4	6.61955	1.25643
1728	2	4	2.29616	6.75595	1.48511	4	2.96528	1.08889	4	2.96017	1.70461	4	3.83014	1.09258	4	4.51011	1.08774	4	5.16454	1.09196	4	5.14417	1.69278	4	6.04471	1.09255	4	6.7869	1.2595
1728	2	4	2.30409	6.37381	1.48828	4	2.96623	1.08504	4	2.96137	1.9141	4	3.63863	1.0855	4	4.35645	1.08617	4	4.9961	1.09532	4	4.98838	1.99697	4	5.70094	1.08594	4	6.40199	1.25686
1728	2	4	2.31275	6.49394	1.47273	4	3.06508	1.09354	4	3.05049	1.87101	4	3.68721	1.09076	4	4.35475	1.08437	4	5.05816	1.08945	4	5.03762	1.70103	4	5.8189	1.0917	4	6.52383	1.24931
1728	2	4	2.31197	6.42625	1.44725	4	2.99762	1.08621	4	2.97621	2.43732	4	3.63057	1.08658	4	4.34893	1.09228	4	4.98874	1.08523	4	4.97359	2.11557	4	5.72793	1.08501	4	6.44738	1.23962
1728
1728	2	4	2.29758	6.32182	1.56914	4	2.98451	1.09045	4	2.98594	2.29269	4	3.65364	1.09503	4	4.39385	1.09017	4	5.04682	1.09433	4	5.04268	1.85004	4	5.68421	1.08552	4	6.35923	1.35256
1728	2	4	2.27864	6.8981	1.48765	4	2.96956	1.08321	4	2.95374	1.81702	4	3.91436	1.0864	4	4.63237	1.0944	4	5.31497	1.09289	4	5.31036	1.78762	4	6.26812	1.0865	4	6.92254	1.26819
1728	2	4	2.34322	6.73852	1.48093	4	3.01322	1.09518	4	3.00157	1.88244	4	3.89463	1.08145	4	4.62318	1.09106	4	5.29026	1.0932	4	5.34094	1.95267	4	5.98902	1.08378	4	6.76812	1.26429
1728	2	4	2.2953	6.51674	1.42112	4	3.00687	1.08381	4	2.9933	1.77422	4	3.71219	1.08341	4	4.41429	1.09606	4	5.05308	1.08557	4	5.04957	2.67975	4	5.87074	1.09601	4	6.54379	1.20042
1728	2	4	2.27868	6.47567	1.48903	4	2.97059	1.09565	4	2.96056	1.99967	4	3.67847	1.08289	4	4.37718	1.09062	4	5.06784	1.09562	4	5.05857	2.48551	4	5.79405	1.09495	4	6.50273	1.27131
1728
