5184	3	4	3.4473	74.1477	22.6855	4	10.3452	21.6799	4	10.7224	36.1711	4	17.8836	20.7088	4	25.0007	20.1998	4	32.727	20.1513	4	33.1999	44.3505	4	42.6894	20.7703	4	50.1894	20.7188	4	57.8422	20.6632	4	58.5972	31.864	4	65.8817	21.3482	4	74.2529	21.5153
5184	3	4	3.4656	76.7632	22.644	4	10.3003	20.927	4	10.5856	28.7089	4	18.3794	20.9202	4	25.777	19.891	4	34.0151	19.9855	4	34.6859	42.3922	4	43.3797	20.9294	4	51.4667	20.2974	4	58.9623	20.0106	4	59.2555	31.5216	4	68.2963	21.3627	4	76.872	21.5267
5184	3	4	3.50182	75.7944	22.4784	4	10.3358	20.6947	4	10.5678	34.6227	4	18.463	20.7908	4	25.9294	19.7616	4	34.0799	19.8117	4	34.7839	32.6779	4	43.7528	20.5799	4	51.9136	20.5714	4	59.3247	20.809	4	59.8279	30.7809	4	67.5444	21.2424	4	75.897	21.341
5184	3	4	3.42506	75.528	21.8138	4	10.3643	21.1199	4	10.6799	32.9551	4	18.0297	21.1533	4	25.5737	20.528	4	33.3815	20.1303	4	34.0956	42.408	4	42.9801	20.3385	4	51.1185	20.6893	4	58.9607	20.6134	4	59.5684	30.1158	4	67.0519	20.968	4	75.6349	20.6954
5184	3	4	3.44932	74.8322	22.6882	4	10.4677	21.2724	4	10.8165	33.1017	4	17.7963	20.5031	4	25.1329	19.8584	4	33.0361	20.4214	4	33.4907	36.8675	4	42.4491	20.9184	4	50.1367	20.8527	4	57.8587	20.6893	4	58.2861	32.1627	4	67.2386	21.3503	4	74.936	21.5132
5184
5184	3	4	3.48914	75.196	22.286	4	10.3406	21.1704	4	10.6601	34.9398	4	17.8166	20.8742	4	25.5421	19.753	4	33.3337	20.2216	4	33.9956	44.0724	4	43.4517	20.6445	4	51.1417	20.6538	4	58.7843	20.3881	4	59.227	28.5752	4	66.9037	21.2709	4	75.3027	21.085
5184	3	4	3.43031	74.5911	22.5522	4	10.4769	21.1885	4	10.7801	35.1629	4	17.6471	20.8353	4	25.2193	20.5651	4	33.3221	20.7464	4	33.9429	44.668	4	41.32	20.9779	4	48.9157	20.3157	4	56.8388	20.2124	4	57.7378	29.9625	4	65.488	20.9713	4	74.7052	21.4277
5184	3	4	3.46271	73.9337	22.6535	4	10.3627	21.0769	4	10.7189	37.8205	4	17.7136	20.6939	4	25.2301	20.1064	4	33.513	20.5982	4	33.9611	35.8831	4	42.6016	20.5046	4	50.1005	20.391	4	58.039	20.6203	4	58.9726	33.4695	4	66.6555	21.3863	4	74.0422	21.4666
5184	3	4	3.47224	77.4706	29.6654	4	10.3763	21.0383	4	10.7423	35.7593	4	18.0162	20.0976	4	25.3898	58.1807	4	33.26	20.2632	4	34.1264	50.6828	4	41.8398	20.1517	4	50.7093	42.7099	4	58.3673	19.7276	4	58.9802	29.37	4	67.807	20.829	4	77.876	28.2191
5184	3	4	3.46291	74.3092	21.8507	4	10.3647	20.9443	4	10.6377	32.8545	4	18.1141	20.6019	4	25.4639	20.1875	4	33.2273	20.8795	4	34.0187	47.5309	4	41.6454	21.179	4	49.6798	20.4321	4	57.5425	20.7005	4	57.985	29.5939	4	65.8644	20.3976	4	74.42	20.6941
5184
