4320	4	4	4.57391	56.6285	10.1154	4	8.60791	8.58079	4	8.75916	15.1483	4	13.054	8.9032	4	17.4639	8.48396	4	21.5779	8.58546	4	21.7626	19.0335	4	26.0139	8.54842	4	30.4341	8.63618	4	34.3797	8.57934	4	34.5965	13.1081	4	39.5042	8.53141	4	44.0423	8.51217	4	48.1912	8.58944	4	48.3538	14.9313	4	52.3773	9.38919	4	56.7063	9.49291
4320	4	4	4.59142	56.4812	9.87942	4	8.50447	8.54574	4	8.64071	17.9749	4	12.6014	8.52008	4	17.027	8.76029	4	21.08	8.55746	4	21.2566	19.8086	4	25.196	8.53185	4	29.4498	8.52703	4	33.6189	8.66007	4	33.7762	15.5049	4	38.3776	8.53971	4	43.308	8.52884	4	47.4571	8.52226	4	47.6295	14.7592	4	52.3286	9.36353	4	56.5473	9.26606
4320	4	4	4.58109	56.2758	10.6918	4	8.51206	8.54826	4	8.6739	15.5886	4	12.9217	8.52678	4	17.4613	8.5277	4	21.5993	8.61614	4	21.7748	14.784	4	26.1718	8.58412	4	30.3926	8.56716	4	34.5889	8.51855	4	34.7736	14.7796	4	38.941	8.54745	4	43.2198	8.52953	4	47.259	8.57551	4	47.5313	12.7934	4	51.8087	8.99905	4	56.3622	10.0478
4320	4	4	4.60551	56.2402	10.2234	4	8.49781	8.56744	4	8.63293	16.663	4	13.4477	8.52305	4	17.7563	8.52892	4	21.7271	8.89445	4	21.9195	14.198	4	26.1947	8.55607	4	30.1765	8.56397	4	34.1268	8.64777	4	34.2953	14.1362	4	38.8545	8.57654	4	43.5051	8.87528	4	47.6361	8.62588	4	47.7987	13.8181	4	52.1223	9.78417	4	56.3132	9.58766
4320	4	4	4.65807	56.4478	10.0211	4	8.68608	8.88606	4	8.81685	16.8348	4	13.508	8.70261	4	17.8777	8.5486	4	21.9293	8.7492	4	22.114	15.2851	4	26.3146	8.56059	4	30.721	8.53114	4	34.9581	8.55851	4	35.1501	17.1927	4	39.5015	8.46758	4	43.7108	8.53126	4	47.7596	8.54265	4	47.9209	15.5452	4	52.3404	9.07179	4	56.5199	9.37923
4320
4320	4	4	4.60134	56.3763	10.3127	4	8.51229	8.50607	4	8.7208	14.1946	4	12.8538	8.5095	4	17.3035	8.5192	4	21.6139	8.58758	4	21.7823	13.6579	4	26.0452	8.91832	4	30.5703	8.60706	4	34.8891	8.64563	4	35.0201	15.5448	4	39.0811	8.72982	4	43.3174	8.54851	4	47.2857	8.53956	4	47.4539	14.6775	4	52.2702	9.3225	4	56.4436	9.65555
4320	4	4	4.59389	55.4893	10.4249	4	8.49086	8.60812	4	8.6597	15.4259	4	12.9684	8.60477	4	17.1019	8.46043	4	20.948	8.56264	4	21.1148	13.974	4	25.1014	8.52188	4	29.4559	8.56812	4	33.5312	8.60744	4	33.7594	14.8719	4	38.0346	8.54655	4	42.5128	8.56314	4	46.5521	8.72763	4	46.7311	14.9214	4	51.2498	9.9758	4	55.5551	9.79834
4320	4	4	4.65073	56.9853	9.77619	4	8.59485	8.55048	4	8.77948	12.157	4	14.1082	8.54524	4	18.7612	8.55287	4	22.6861	8.78934	4	22.8217	13.9551	4	27.1998	8.53035	4	31.8587	8.53849	4	35.7808	8.56163	4	35.9149	19.8668	4	39.794	8.50558	4	44.0363	8.51914	4	48.1714	8.58064	4	48.4075	14.2667	4	52.6453	9.42747	4	57.0462	9.12886
4320	4	4	4.60048	56.439	10.1186	4	8.59833	8.44407	4	8.73656	12.9371	4	13.0423	8.51063	4	17.2782	8.60314	4	21.2288	8.5729	4	21.4124	12.5463	4	25.5441	8.69465	4	29.8411	8.53685	4	34.1192	8.48321	4	34.2635	16.9693	4	38.2955	8.90776	4	42.8666	8.67191	4	46.7306	8.53104	4	47.0102	16.297	4	52.2694	9.68277	4	56.5066	9.48745
4320	4	4	4.58523	55.3599	10.3473	4	8.5055	8.54961	4	8.66038	15.3267	4	12.7158	8.67902	4	16.849	8.54652	4	20.9789	8.54287	4	21.1285	15.7513	4	25.7838	8.53749	4	29.8714	8.57391	4	33.9113	8.48617	4	34.171	13.2426	4	38.2259	8.47269	4	42.6871	8.52984	4	46.8181	8.52344	4	46.929	14.9756	4	51.2199	9.62403	4	55.4321	9.71824
4320
