1440	2	2	1.14338	2.95735	2.32087	4	1.79976	1.28297	4	1.78356	2.45139	4	2.3469	2.81267	4	2.98661	1.28459
1440	2	2	1.20182	3.12727	1.57018	4	1.8185	2.51416	4	1.78233	2.71746	4	2.50527	1.2792	4	3.14829	1.28483
1440	2	2	1.17738	3.17241	1.57492	4	1.82369	1.31104	4	1.80933	2.56018	4	2.58423	1.27589	4	3.20344	1.28491
1440	2	2	1.13159	3.11836	1.93263	4	1.75682	1.55174	4	1.74347	2.18914	4	2.39521	2.50891	4	3.15736	1.28799
1440	2	2	1.14791	3.03457	1.57337	4	1.7353	1.29493	4	1.72189	1.97147	4	2.4462	1.28562	4	3.05986	1.28417
1440
1440	2	2	1.1777	3.15744	1.60474	4	1.79339	1.28502	4	1.79139	2.77469	4	2.58809	1.28802	4	3.20794	1.28864
1440	2	2	1.18889	3.3567	1.61084	4	1.82778	1.29192	4	1.82476	1.81198	4	2.69199	1.28471	4	3.39719	1.29365
1440	2	2	1.19202	3.15429	1.8526	4	1.81082	1.28494	4	1.79383	1.99839	4	2.51643	2.36504	4	3.18041	1.28487
1440	2	2	1.13969	3.08302	1.58494	4	1.74375	1.29311	4	1.72956	2.20574	4	2.35196	1.28774	4	3.11643	1.28954
1440	2	2	1.14431	3.32186	1.58131	4	1.7909	1.28325	4	1.7771	1.94586	4	2.73937	1.28921	4	3.3474	1.28906
1440
