1440	4	4	4.59139	6.12462	0.963093	4	4.7436	0.344636	4	4.69395	0.920754	4	4.82852	0.341647	4	4.96709	0.344995	4	5.10533	0.342724	4	5.06285	0.699142	4	5.18816	0.342656	4	5.33755	0.346224	4	5.49162	0.348437	4	5.44147	0.561249	4	5.59752	0.341094	4	5.73278	0.340019	4	5.84773	0.35072	4	5.80729	0.584732	4	6.03216	0.348032	4	6.14518	0.396548
1440	4	4	4.55625	6.16118	0.990419	4	4.71418	0.344512	4	4.70469	0.56972	4	4.80323	0.344703	4	4.93594	0.341356	4	5.06665	0.341154	4	5.0286	0.479716	4	5.29525	0.342436	4	5.42494	0.340235	4	5.54045	0.382233	4	5.49659	0.652369	4	5.6391	0.345188	4	5.76055	0.628958	4	5.88912	0.348614	4	5.85432	0.826439	4	6.03775	0.337922	4	6.18108	0.413195
1440	4	4	4.57388	6.16465	0.993765	4	4.70143	0.345011	4	4.67163	0.538807	4	4.92698	0.337793	4	5.06191	0.357824	4	5.18177	0.348942	4	5.18261	0.664505	4	5.23587	0.341577	4	5.37654	0.340608	4	5.50178	0.34269	4	5.45944	0.588086	4	5.56106	0.342476	4	5.72144	0.345279	4	5.85841	0.343867	4	5.90064	0.520508	4	6.05258	0.651828	4	6.18596	0.397433
1440	4	4	4.5447	6.25488	0.959611	4	4.68977	0.351729	4	4.65524	0.538445	4	4.91384	0.343468	4	5.05957	0.341076	4	5.18017	0.342855	4	5.14336	0.559586	4	5.36081	0.341234	4	5.48506	0.340813	4	5.61109	0.343899	4	5.5746	0.623773	4	5.7074	0.343407	4	5.85438	0.346356	4	5.97571	0.344734	4	5.97732	0.495268	4	6.14574	0.352357	4	6.27666	0.405363
1440	4	4	4.52777	6.32473	0.983443	4	4.66923	0.347972	4	4.62096	0.49166	4	4.89156	0.335376	4	5.024	0.348586	4	5.16449	0.34512	4	5.1332	0.603075	4	5.3531	0.352934	4	5.46744	0.341168	4	5.61889	0.342813	4	5.58328	0.489481	4	5.74757	0.342068	4	5.8769	0.341126	4	6.01416	0.348228	4	5.98031	0.498549	4	6.23148	0.386435	4	6.34402	0.403521
1440
1440	4	4	4.56555	6.19462	1.01844	4	4.70027	0.351093	4	4.66861	0.55506	4	4.87814	0.338216	4	4.97809	0.345309	4	5.10552	0.340005	4	5.07067	0.848772	4	5.2209	0.34146	4	5.36353	0.343084	4	5.52556	0.347884	4	5.47696	0.498945	4	5.73156	0.344143	4	5.87431	0.346047	4	6.01507	0.341131	4	5.98529	0.605666	4	6.10522	0.344573	4	6.21503	0.401131
1440	4	4	4.55244	6.11492	1.00281	4	4.69887	0.3497	4	4.64736	0.512432	4	4.82313	0.343126	4	4.95632	0.340029	4	5.09336	0.342242	4	5.04626	0.567398	4	5.19732	0.344167	4	5.32805	0.343446	4	5.46399	0.347668	4	5.43544	0.785639	4	5.872	0.345014	4	5.77246	0.342315	4	5.88682	0.341881	4	5.8494	0.585422	4	6.0009	0.343061	4	6.13743	0.437896
1440	4	4	4.61987	6.15165	1.01098	4	4.74762	0.340105	4	4.70129	0.485498	4	4.94331	0.349061	4	5.07207	0.340832	4	5.20565	0.340045	4	5.16638	0.540809	4	5.36461	0.348726	4	5.46944	0.342846	4	5.56874	0.347306	4	5.52012	0.519632	4	5.72158	0.334003	4	5.85237	0.339135	4	5.99018	0.350226	4	6.01287	0.620054	4	6.05712	0.345647	4	6.17372	0.918349
1440	4	4	4.58327	6.20486	1.01151	4	4.71544	0.350225	4	4.67398	0.665114	4	4.8091	0.345302	4	4.93715	0.340574	4	5.08103	0.339489	4	5.08524	2.0899	4	5.23372	0.339806	4	5.38957	0.34644	4	5.50477	0.346912	4	5.51231	0.47192	4	5.7448	0.338604	4	5.86718	0.345413	4	5.99234	0.395694	4	5.95097	0.580487	4	6.10664	0.346122	4	6.22348	0.404871
1440	4	4	4.60132	6.10174	0.924079	4	4.74307	0.342071	4	4.69449	0.504357	4	4.91617	0.34359	4	5.05244	0.456718	4	5.13163	0.348076	4	5.10261	0.468646	4	5.27761	0.338659	4	5.38708	0.347431	4	5.50437	0.341719	4	5.49051	1.16561	4	5.62069	0.341617	4	5.72816	0.349478	4	5.87087	0.350351	4	5.84648	1.14497	4	5.9958	0.341332	4	6.12131	0.459146
1440
