960	3	4	3.41869	2.46717	0.382569	4	3.33074	0.160189	4	3.27331	0.246916	4	3.19393	0.161825	4	3.08438	0.165932	4	3.00041	0.173551	4	2.94417	0.237173	4	2.90867	0.165954	4	2.79386	0.168601	4	2.69126	0.179589	4	2.64357	0.221972	4	2.57351	0.15874	4	2.48366	0.195457
960	3	4	3.47198	2.43043	0.409097	4	3.35796	0.170545	4	3.29843	0.208817	4	3.22369	0.170799	4	3.1254	0.170056	4	3.0318	0.165794	4	2.97693	0.29824	4	2.8744	0.157942	4	2.77286	0.162482	4	2.67124	0.284282	4	2.62678	0.413278	4	2.55545	0.161215	4	2.45699	0.345333
960	3	4	3.41348	2.41877	0.38485	4	3.32858	0.168238	4	3.27864	0.28966	4	3.19481	0.173218	4	3.09285	0.167671	4	3.02499	0.158733	4	2.99855	0.202119	4	2.90634	0.161585	4	2.81062	0.160775	4	2.70437	0.171154	4	2.68344	0.407235	4	2.54406	0.162952	4	2.4379	0.194474
960	3	4	3.40876	2.50927	0.392638	4	3.31934	0.159926	4	3.27255	0.800354	4	3.18801	0.162934	4	3.096	0.16944	4	3.00117	0.16445	4	2.94311	0.209099	4	2.90681	0.164511	4	2.82097	0.161442	4	2.72	0.163799	4	2.66284	0.202773	4	2.60179	0.16145	4	2.51965	0.189374
960	3	4	3.39026	2.55594	0.373219	4	3.30772	0.166463	4	3.2764	0.213317	4	3.21154	0.161951	4	3.11458	0.162052	4	3.03806	0.160125	4	2.97431	0.218147	4	2.91674	0.167111	4	2.8417	0.305772	4	2.75678	0.168217	4	2.70173	0.230373	4	2.66437	0.161023	4	2.57432	0.189083
960
960	3	4	3.43161	2.43066	0.423807	4	3.34723	0.157174	4	3.39051	0.328082	4	3.21261	0.168694	4	3.09898	0.162024	4	2.99363	0.168074	4	2.9527	0.201076	4	2.8569	0.168099	4	2.77386	0.165053	4	2.66794	0.168897	4	2.60882	0.603748	4	2.54528	0.164623	4	2.44838	0.182279
960	3	4	3.44813	2.46877	0.391312	4	3.34222	0.292086	4	3.29488	0.246749	4	3.20106	0.15865	4	3.11973	0.159161	4	3.01513	0.161991	4	2.99612	0.274939	4	2.92005	0.166303	4	2.82377	0.16477	4	2.7327	0.167469	4	2.67903	0.201193	4	2.59604	0.161427	4	2.48821	0.204267
960	3	4	3.44485	2.49795	0.376378	4	3.36141	0.165405	4	3.30002	0.223172	4	3.27402	0.160245	4	3.17901	0.162802	4	3.07387	0.163349	4	3.00248	0.270553	4	2.9467	0.157616	4	2.84456	0.168765	4	2.75158	0.168818	4	2.69083	0.238395	4	2.60949	0.159644	4	2.51732	0.21159
960	3	4	3.45335	2.37175	0.400655	4	3.35614	0.167458	4	3.30367	0.775478	4	3.19983	0.161623	4	3.10331	0.167427	4	3.01169	0.165758	4	2.93975	0.211961	4	2.8988	0.157341	4	2.7894	0.166802	4	2.66264	0.164719	4	2.6978	0.243789	4	2.49412	0.157102	4	2.39106	0.198318
960	3	4	3.42856	2.54796	0.419535	4	3.37993	0.165107	4	3.33141	0.213349	4	3.28589	0.162853	4	3.17258	0.176805	4	3.07085	0.162164	4	3.0138	0.229634	4	2.98501	0.157611	4	2.89893	0.162418	4	2.80745	0.164855	4	2.74584	0.247761	4	2.67051	0.157815	4	2.56516	0.191688
960
