960	2	1	0.453576	0.706414	1.05439	4	0.75219	0.788538	4	0.72726	0.906009
960	2	1	0.44571	0.704115	1.05696	4	0.767205	0.778431	4	0.729522	0.842564
960	2	1	0.466634	0.696796	1.05495	4	0.760516	0.773114	4	0.715818	0.802747
960	2	1	0.437952	0.698463	1.18747	4	0.752489	0.77633	4	0.718474	1.11633
960	2	1	0.423222	0.667863	1.08707	4	0.729653	0.784513	4	0.68704	0.779671
960
960	2	1	0.472337	0.806606	1.05806	4	0.831343	0.783374	4	0.862404	0.949769
960	2	1	0.446048	0.726025	1.05079	4	0.785114	0.779613	4	0.766505	0.772546
960	2	1	0.4472	0.682437	1.86888	4	0.743922	0.77449	4	0.708867	1.79163
960	2	1	0.453306	0.688748	1.06355	4	0.738575	0.78745	4	0.716523	0.780038
960	2	1	0.434202	0.714363	1.03602	4	0.773901	0.779253	4	0.75476	0.793519
960
