960	4	4	4.55545	2.81915	0.382185	4	4.42973	0.139106	4	4.37749	0.169797	4	4.25511	0.137468	4	4.10585	0.152508	4	3.98413	0.136098	4	3.92973	0.219386	4	3.81789	0.1325	4	3.71129	0.138302	4	3.55878	0.134842	4	3.50117	0.199398	4	3.38884	0.139667	4	3.27445	0.130062	4	3.14061	0.143328	4	3.09212	0.210133	4	2.97822	0.135471	4	2.8389	0.172209
960	4	4	4.58193	2.78531	0.407556	4	4.46404	0.13803	4	4.40939	0.357522	4	4.2912	0.141859	4	4.15801	0.131467	4	4.00519	0.246557	4	4.00403	0.160152	4	3.81487	0.127706	4	3.68079	0.137947	4	3.562	0.138508	4	3.50366	0.196426	4	3.36259	0.138729	4	3.23209	0.138342	4	3.10047	0.13431	4	3.04404	0.158426	4	2.94517	0.137221	4	3.01486	0.148124
960	4	4	4.6117	2.83412	0.449949	4	4.49804	0.135004	4	4.44421	0.189782	4	4.32157	0.140424	4	4.19363	0.12764	4	4.05417	0.133235	4	3.99328	0.158373	4	3.88435	0.130018	4	3.74609	0.138559	4	3.58702	0.144691	4	3.53226	0.167338	4	3.41369	0.132235	4	3.25301	0.127382	4	3.12568	0.135249	4	3.08587	0.17616	4	2.97832	0.138514	4	2.85168	0.164657
960	4	4	4.57056	2.81479	0.42496	4	4.45756	0.139348	4	4.40371	0.19562	4	4.26905	0.132508	4	4.13766	0.133989	4	4.00871	0.135825	4	3.96141	0.545659	4	3.85205	0.136502	4	3.72049	0.132518	4	3.59455	0.132031	4	3.53997	0.159884	4	3.45222	0.13098	4	3.32796	0.131178	4	3.17602	0.137185	4	3.10886	0.177924	4	2.97649	0.139696	4	2.82954	0.156125
960	4	4	4.61871	2.76011	0.408648	4	4.45176	0.132916	4	4.38942	0.209887	4	4.27932	0.140001	4	4.13896	0.139148	4	3.99664	0.12889	4	3.9917	0.617337	4	3.83883	0.139576	4	3.68798	0.139229	4	3.5453	0.137052	4	3.49001	0.157028	4	3.38509	0.133777	4	3.2296	0.136566	4	3.09443	0.137528	4	3.04034	0.15448	4	2.91868	0.140468	4	2.77889	0.156171
960
960	4	4	4.55051	2.83817	0.409826	4	4.42696	0.161264	4	4.37561	0.180575	4	4.26502	0.249414	4	4.14467	0.137388	4	4.00839	0.128627	4	3.95795	0.176977	4	3.83177	0.133528	4	3.7166	0.134576	4	3.55542	0.13563	4	3.51624	0.16039	4	3.42267	0.13992	4	3.30051	0.133622	4	3.15189	0.129495	4	3.0975	0.1578	4	2.98586	0.13814	4	3.07169	0.140281
960	4	4	4.58062	2.79524	0.431819	4	4.4639	0.220594	4	4.40897	0.164645	4	4.3052	0.230594	4	4.17621	0.13588	4	4.0104	0.132146	4	3.95555	0.17716	4	4.0955	0.133358	4	3.73507	0.215591	4	3.59797	0.128694	4	3.54125	0.183568	4	3.42505	0.131482	4	3.28876	0.137068	4	3.15235	0.138663	4	3.09944	0.199674	4	2.94128	0.136874	4	2.81381	0.138463
960	4	4	4.5672	2.85855	0.427515	4	4.44411	0.129749	4	4.37715	0.184588	4	4.25185	0.136597	4	4.10846	0.131316	4	3.96811	0.133013	4	3.9123	0.1673	4	3.83455	0.128268	4	3.72237	0.134589	4	3.56929	0.135934	4	3.52331	0.178939	4	3.45113	0.136173	4	3.29942	0.130191	4	3.18319	0.138847	4	3.13604	0.497811	4	3.02323	0.130758	4	2.87437	0.141116
960	4	4	4.56321	2.90478	0.417194	4	4.43866	0.138223	4	4.3905	0.193488	4	4.28028	0.128534	4	4.15281	0.128106	4	4.01167	0.136433	4	3.96301	0.155919	4	3.86059	0.130607	4	3.74603	0.130002	4	3.62685	0.139577	4	3.58285	0.173056	4	3.45051	0.135693	4	3.31646	0.133825	4	3.19793	0.132904	4	3.12959	0.172744	4	3.05633	0.132914	4	2.92358	0.151525
960	4	4	4.56759	2.86217	0.413426	4	4.44389	0.129548	4	4.38493	0.653106	4	4.49769	0.129793	4	4.14932	0.138647	4	4.02521	0.132432	4	3.9868	0.195543	4	3.85766	0.132878	4	3.71351	0.130989	4	3.58104	0.128749	4	3.51995	0.185969	4	3.39984	0.140507	4	3.29405	0.133238	4	3.16685	0.137745	4	3.10747	0.174564	4	3.02284	0.132051	4	2.87739	0.16222
960
