5184	2	1	0.439703	19.0288	126.303	4	18.8503	119.704	4	19.2888	119.669
5184	2	1	0.449661	19.0504	124.646	4	18.6596	118.233	4	19.3128	117.938
5184	2	1	0.523117	19.0893	125.264	4	18.6784	118.525	4	19.3536	119.89
5184	2	1	0.443331	19.1116	126.461	4	18.6636	119.832	4	19.3729	117.821
5184	2	1	0.446175	18.9682	124.377	4	18.549	117.831	4	19.2297	118.072
5184
5184	2	1	0.450648	19.3988	124.574	4	18.8864	118.013	4	19.67	119.333
5184	2	1	0.465098	19.1575	126.041	4	18.6733	118.677	4	19.4298	121.334
5184	2	1	0.444456	19.1155	124.545	4	18.5879	118.236	4	19.4005	118.258
5184	2	1	0.443876	19.2659	124.644	4	18.8191	118.21	4	19.5356	117.505
5184	2	1	0.487393	19.2452	124.896	4	18.7807	118.604	4	19.5182	118.439
5184
