5184	2	4	2.31823	64.3384	32.7028	4	11.2994	33.1959	4	11.832	63.9606	4	21.1097	31.836	4	30.3248	31.4136	4	41.2554	31.1849	4	43.0658	46.2985	4	53.1466	30.4906	4	64.4708	30.9686
5184	2	4	2.30786	65.1251	46.7741	4	11.3709	33.7422	4	11.7833	60.4611	4	21.3461	83.5003	4	30.4007	31.1772	4	41.7443	31.8113	4	42.6249	47.4831	4	54.3407	54.9315	4	65.2514	29.3653
5184	2	4	2.35762	66.5608	32.7805	4	11.2096	32.6302	4	11.6359	56.1231	4	20.9191	31.2237	4	30.4069	30.5311	4	41.1145	31.7007	4	42.6331	43.668	4	56.5585	30.5474	4	66.6974	31.0439
5184	2	4	2.35685	65.1927	32.4517	4	11.2698	33.0368	4	11.5966	59.2141	4	20.8894	31.7292	4	30.4964	30.9431	4	41.6447	31.5877	4	42.7397	44.8621	4	54.7077	30.5547	4	65.3247	30.7668
5184	2	4	2.33281	65.0705	32.7007	4	11.2605	33.3534	4	11.7093	62.0858	4	21.1078	32.9237	4	30.8514	31.3238	4	41.1861	31.5743	4	42.1866	48.9618	4	55.3475	30.5893	4	65.1969	31.044
5184
5184	2	4	2.3294	64.7244	32.5609	4	11.4098	33.1952	4	11.7881	56.3259	4	21.0789	31.4534	4	30.3859	30.6589	4	41.3894	31.9608	4	43.3046	46.6898	4	53.4084	30.6599	4	64.8504	30.8372
5184	2	4	2.34438	64.0985	60.7768	4	11.2378	32.4353	4	11.6471	57.166	4	20.961	31.9181	4	30.6684	31.1182	4	41.3551	31.3145	4	42.5559	43.4426	4	53.8462	30.7441	4	64.2258	59.0991
5184	2	4	2.34715	63.9169	32.4296	4	11.3087	33.2362	4	11.7225	52.6688	4	20.7956	32.4832	4	30.5278	31.5321	4	41.2851	31.7987	4	42.35	48.0051	4	53.0203	30.7768	4	64.0439	30.7686
5184	2	4	2.34676	66.2499	32.4157	4	11.3378	32.689	4	11.76	63.3459	4	21.3278	32.4897	4	31.2725	31.9772	4	41.7854	31.4806	4	42.7527	43.7457	4	55.5655	30.1874	4	66.3786	30.7463
5184	2	4	2.33932	65.5347	32.0845	4	11.2098	33.4968	4	11.5569	61.4778	4	21.3076	32.7401	4	30.7733	31.3791	4	41.3987	32.0847	4	42.0759	44.1705	4	55.267	30.6759	4	65.6623	30.3758
5184
