1440	2	4	2.28215	4.71016	0.929678	4	2.69045	0.640785	4	2.64975	1.2933	4	3.15305	0.635281	4	3.52855	0.640319	4	3.91608	0.641766	4	3.90673	1.083	4	4.36455	0.637799	4	4.74613	0.762941
1440	2	4	2.3028	4.4369	0.910348	4	2.68323	0.647825	4	2.68006	1.08708	4	3.0299	0.64385	4	3.40517	0.636319	4	3.75981	0.644167	4	3.72381	1.15808	4	4.10402	0.638978	4	4.46264	0.757414
1440	2	4	2.27988	4.37442	0.899969	4	2.66953	0.639644	4	2.66867	1.20347	4	2.9795	0.638003	4	3.33947	0.650955	4	3.7229	0.637806	4	3.699	1.32674	4	4.03391	0.638818	4	4.396	0.744134
1440	2	4	2.27101	4.5642	0.912563	4	2.66474	0.650202	4	2.63809	0.877243	4	3.14771	0.63585	4	3.52691	0.644033	4	3.84431	0.637093	4	3.84152	1.49927	4	4.2033	0.636344	4	4.58912	0.76226
1440	2	4	2.2924	4.59377	0.926632	4	2.69634	0.647625	4	2.65372	1.18027	4	3.12729	0.6332	4	3.53315	0.641831	4	3.91029	0.636912	4	3.87252	1.34859	4	4.23097	0.636572	4	4.6157	0.762222
1440
1440	2	4	2.31546	4.50677	0.925454	4	2.69224	0.642989	4	2.65703	1.10663	4	3.08347	0.635099	4	3.44482	0.638585	4	3.81294	0.636346	4	3.78681	1.68377	4	4.17885	0.634796	4	4.52801	0.766215
1440	2	4	2.28679	4.41255	0.92333	4	2.66612	0.636931	4	2.68933	1.07691	4	3.03523	0.635937	4	3.40191	0.632927	4	3.75318	0.638854	4	3.73065	1.20775	4	4.08808	0.633667	4	4.436	0.767802
1440	2	4	2.30162	4.5039	0.92309	4	2.63107	0.643566	4	2.61297	1.14146	4	2.97205	0.644343	4	3.342	0.63506	4	3.70823	0.63709	4	3.66904	0.94376	4	4.18293	0.63812	4	4.52776	0.763959
1440	2	4	2.25986	4.52951	0.910717	4	2.6227	0.642046	4	2.59438	1.04667	4	3.11765	0.636801	4	3.49411	0.634519	4	3.86368	0.636104	4	3.86826	1.88693	4	4.18625	0.640142	4	4.55358	0.757798
1440	2	4	2.28379	4.57333	1.467	4	2.66817	0.63843	4	2.64169	1.06159	4	3.11231	0.637271	4	3.47466	0.634031	4	3.80128	0.637435	4	3.77225	1.07417	4	4.21943	0.640163	4	4.5961	1.29834
1440
