4320	2	4	2.31281	43.6596	19.2689	4	8.41567	18.1191	4	8.66533	37.7034	4	14.9229	17.813	4	21.3158	17.2932	4	28.5118	17.918	4	28.9189	26.3657	4	36.6957	18.2296	4	43.7507	18.0599
4320	2	4	2.30083	43.025	19.2007	4	8.36442	18.2752	4	8.67571	32.3898	4	15.0655	17.9681	4	21.4694	17.9174	4	28.426	17.9941	4	28.7366	26.192	4	35.2547	17.9044	4	43.1251	18.0003
4320	2	4	2.34865	43.1065	19.2193	4	8.35104	18.2397	4	8.59631	27.8571	4	14.601	17.5552	4	21.2784	17.2204	4	28.1755	17.7208	4	28.8336	28.067	4	36.5927	17.8989	4	43.2028	18.0197
4320	2	4	2.31988	45.3799	18.7323	4	8.42177	18.3013	4	8.70048	28.5454	4	15.2915	17.8205	4	22.2029	17.0822	4	29.3201	17.4013	4	29.7488	25.773	4	38.7211	17.8717	4	45.4932	17.5132
4320	2	4	2.3281	45.3468	19.3057	4	8.50446	18.2511	4	8.71309	27.4112	4	15.2686	17.4972	4	22.2121	17.1688	4	29.476	17.2831	4	29.8594	24.1367	4	38.3029	17.8944	4	45.445	18.124
4320
4320	2	4	2.31605	43.3088	18.7428	4	8.42554	18.2648	4	8.67867	32.9107	4	14.9307	17.8554	4	21.4473	17.7136	4	28.3008	17.5797	4	29.1813	26.9174	4	35.857	17.8676	4	43.4015	17.5447
4320	2	4	2.301	43.0108	18.8679	4	8.35348	18.1138	4	8.66722	38.0221	4	14.9652	18.5546	4	21.5557	17.6516	4	28.4605	18.0483	4	28.8534	25.1371	4	36.2811	17.8459	4	43.1172	17.6789
4320	2	4	2.31709	42.3828	36.9326	4	8.4281	18.0503	4	8.67953	31.4324	4	15.154	17.868	4	21.8037	17.7554	4	28.6937	18.1141	4	29.0946	48.7272	4	35.6652	32.2451	4	42.4777	18.6824
4320	2	4	2.30688	43.5989	19.1625	4	8.49479	18.0919	4	8.79237	35.1488	4	15.0117	17.5971	4	21.8899	17.7111	4	28.8421	17.6374	4	29.3204	26.1303	4	36.1988	17.7107	4	43.6913	17.9828
4320	2	4	2.36018	43.3125	19.143	4	8.45237	17.968	4	8.73043	26.7428	4	15.47	17.791	4	22.1781	17.704	4	29.13	17.9822	4	29.5641	27.0759	4	36.5769	17.887	4	43.4122	17.9955
4320
