1440	3	4	3.42554	5.31462	0.928791	4	3.65092	0.448697	4	3.59172	0.676073	4	3.94181	0.441121	4	4.14909	0.43941	4	4.36119	0.446312	4	4.32414	1.43912	4	4.54682	0.437759	4	4.77882	0.451854	4	4.96949	0.437492	4	4.92739	0.81722	4	5.1395	0.434993	4	5.33228	0.492863
1440	3	4	3.3985	5.43113	0.833421	4	3.6103	0.444657	4	3.56757	0.661774	4	3.91973	0.44581	4	4.13664	0.444304	4	4.3823	0.43817	4	4.32868	0.814225	4	4.60647	0.443667	4	4.82531	0.441901	4	5.04191	0.450645	4	5.04942	1.18682	4	5.23304	0.438814	4	5.44635	0.520854
1440	3	4	3.4173	5.33598	0.842231	4	3.63198	0.446955	4	3.58843	0.700939	4	3.90819	0.44356	4	4.08363	0.439237	4	4.29025	0.445966	4	4.27245	0.697811	4	4.59321	0.440108	4	4.78828	0.43678	4	4.99493	0.934269	4	4.97766	0.624062	4	5.16348	0.439386	4	5.36029	0.5943
1440	3	4	3.44113	5.55736	0.847489	4	3.66254	0.442494	4	3.62139	0.752984	4	3.95268	0.444784	4	4.15343	0.441777	4	4.36233	0.437309	4	4.34202	0.647956	4	4.66863	0.439019	4	4.83438	0.446794	4	5.05462	0.448382	4	5.02371	0.704194	4	5.34768	0.442873	4	5.5883	0.586678
1440	3	4	3.36112	5.45645	0.836795	4	3.57445	0.443922	4	3.54274	0.696719	4	3.92151	0.440933	4	4.17422	0.439832	4	4.35629	0.445902	4	4.31658	0.80083	4	4.68414	0.437653	4	4.90215	0.437274	4	5.13093	0.442433	4	5.08992	0.873065	4	5.26859	0.438704	4	5.47947	0.597963
1440
1440	3	4	3.44022	5.49787	0.840338	4	3.65165	0.439761	4	3.61275	0.651129	4	3.95068	0.434708	4	4.18319	0.448851	4	4.36922	0.445953	4	4.3278	0.801241	4	4.55941	0.441126	4	4.76585	0.440913	4	4.97884	0.446243	4	4.93882	0.873059	4	5.33403	0.442878	4	5.51991	0.589937
1440	3	4	3.42021	5.24918	0.873723	4	3.653	0.442046	4	3.61332	0.769332	4	3.85976	0.442971	4	4.04573	0.435424	4	4.25223	0.591853	4	4.20984	0.889279	4	4.45912	0.441812	4	4.6659	0.445074	4	4.87307	0.442257	4	4.83159	0.723416	4	5.07264	1.01869	4	5.2836	0.531976
1440	3	4	3.39543	5.22233	0.881332	4	3.61296	0.43929	4	3.56527	0.845516	4	3.78782	0.443032	4	4.0013	0.440429	4	4.22422	0.446608	4	4.25466	0.80746	4	4.38293	0.445484	4	4.59672	0.445137	4	4.81072	0.447455	4	4.81832	0.782838	4	5.013	0.44121	4	5.24424	0.590804
1440	3	4	3.42493	5.27657	0.793949	4	3.679	0.960988	4	3.63422	1.09943	4	3.9056	0.444989	4	4.10181	0.962808	4	4.31145	0.437486	4	4.28009	0.80204	4	4.49343	0.442395	4	4.71628	0.443829	4	4.92837	0.446161	4	4.89273	1.1463	4	5.12079	0.438825	4	5.29599	0.521385
1440	3	4	3.43974	5.31216	0.937698	4	3.67636	0.440824	4	3.63755	0.82798	4	3.85029	0.442178	4	4.05711	0.441285	4	4.24943	0.439758	4	4.21589	0.589987	4	4.51079	0.443491	4	4.72011	0.439357	4	4.91882	0.446717	4	4.89301	0.955695	4	5.10848	0.443078	4	5.33714	0.53148
1440
